{"producer":{"name":"Blender","version":"2.79 (sub 0)","exporter_version":"5.4.2","file":"mage.babylon"},
"autoClear":true,"clearColor":[0.0509,0.0509,0.0509],"ambientColor":[0,0,0],"gravity":[0,-9.81,0],
"materials":[{"name":"mage.Material.001","id":"mage.Material.001","ambient":[0.8,0.8,0.8],"diffuse":[0.64,0.64,0.64],"specular":[0,0,0],"emissive":[0,0,0],"specularPower":50,"alpha":1,"backFaceCulling":false,"checkReadyOnlyOnce":false,"maxSimultaneousLights":4, 
"diffuseTexture":{"name":"Mage.png","level":1,"hasAlpha":1,"coordinatesMode":0,"uOffset":0,"vOffset":0,"uScale":1,"vScale":1,"uAng":0,"vAng":0,"wAng":0,"wrapU":1,"wrapV":1,"coordinatesIndex":0}}],
"multiMaterials":[],
"skeletons":[{"name":"Armature","id":0,"dimensionsAtRest":[16.0149,18.5122,11.0826],"bones":[
{"name":"global","index":0,"matrix":[1,0,0,0,0,1,0,0,0,0,-1,0,0,-11.4,0.4,1],"rest":[1,0,0,0,0,1,0,0,0,0,-1,0,0,-11.4,0.4,1],"parentBoneIndex":-1,"length":2
,"animation":{"dataType":3,"framePerSecond":24,"keys":[
{"frame":1,"values":[1,0,0,0,0,1,0,0,0,0,-1,0,0,-11.4,0.4,1]},
{"frame":15,"values":[1,0,0,0,0,1,0,0,0,0,-1,0,0,-11.4,0.4,1]},
{"frame":21,"values":[1,0,0,0,0,1,0,0,0,0,-1,0,0,-11.4,0.4,1]},
{"frame":34,"values":[1,0,0,0,0,1,0,0,0,0,-1,0,0,-11.4,0.8959,1]},
{"frame":35,"values":[1,0,0,0,0,1,0,0,0,0,-1,0,0,-11.4,1.9041,1]},
{"frame":36,"values":[1,0,0,0,0,1,0,0,0,0,-1,0,0,-11.4,2.4,1]},
{"frame":39,"values":[1,0,0,0,0,1,0,0,0,0,-1,0,0,-11.4,2.4,1]},
{"frame":51,"values":[1,0,0,0,0,1,0,0,0,0,-1,0,0,-11.4,0.4,1]},
{"frame":62,"values":[1,0,0,0,0,1,0,0,0,0,-1,0,0,-11.4,0.4,1]},
{"frame":71,"values":[1,0,0,0,0,1,0,0,0,0,-1,0,0,-11.4,0.4,1]},
{"frame":95,"values":[1,0,0,0,0,1,0,0,0,0,-1,0,0,-11.4,0.4,1]},
{"frame":101,"values":[1,0,0,0,0,1,0,0,0,0,-1,0,0,-11.4,0.4,1]},
{"frame":125,"values":[1,0,0,0,0,1,0,0,0,0,-1,0,0,-11.4,0.4,1]}],"loopBehavior":1,"name":"anim","property":"_matrix"}},
{"name":"knee_pole_l","index":1,"matrix":[-1,0,0,0,0,0,1,0,0,1,0,0,0.8566,5.6,5.3526,1],"rest":[-1,0,0,0,0,0,1,0,0,1,0,0,0.8566,5.6,5.3526,1],"parentBoneIndex":0,"length":1.3
,"animation":{"dataType":3,"framePerSecond":24,"keys":[
{"frame":1,"values":[-1,0,0,0,0,0,1,0,0,1,0,0,0.8566,5.6,5.3526,1]},
{"frame":15,"values":[-1,0,0,0,0,0,1,0,0,1,0,0,0.8566,5.6,5.3526,1]},
{"frame":21,"values":[-1,0,0,0,0,0,1,0,0,1,0,0,1.8566,5.6,4.3526,1]},
{"frame":31,"values":[-1,0,0,0,0,0.2495,0.9684,0,0,0.9684,-0.2495,0,1.8566,8.1428,2.9832,1]},
{"frame":32,"values":[-1,0,0,0,0,0.7242,0.6896,0,0,0.6896,-0.7242,0,1.8566,11.8365,0.6396,1]},
{"frame":33,"values":[-1,0,0,0,0,0.8734,0.487,0,0,0.487,-0.8734,0,1.8566,14.3793,-0.7298,1]},
{"frame":39,"values":[-1,0,0,0,0,0.8734,0.487,0,0,0.487,-0.8734,0,1.8566,14.3793,-0.7298,1]},
{"frame":51,"values":[-1,0,0,0,0,0,1,0,0,1,0,0,1.8566,5.6,4.3526,1]},
{"frame":62,"values":[-1,0,0,0,0,0,1,0,0,1,0,0,1.8566,5.6,4.3526,1]},
{"frame":71,"values":[-1,0,0,0,0,0,1,0,0,1,0,0,1.8566,5.6,4.3526,1]},
{"frame":95,"values":[-1,0,0,0,0,0,1,0,0,1,0,0,1.8566,5.6,4.3526,1]},
{"frame":101,"values":[-1,0,0,0,0,0,1,0,0,1,0,0,0.8566,5.6,5.3526,1]},
{"frame":125,"values":[-1,0,0,0,0,0,1,0,0,1,0,0,0.8566,5.6,5.3526,1]}],"loopBehavior":1,"name":"anim","property":"_matrix"}},
{"name":"knee_pole_r","index":2,"matrix":[-1,0,0,0,0,0,1,0,0,1,0,0,-0.8566,5.6,5.3526,1],"rest":[-1,0,0,0,0,0,1,0,0,1,0,0,-0.8566,5.6,5.3526,1],"parentBoneIndex":0,"length":1.3
,"animation":{"dataType":3,"framePerSecond":24,"keys":[
{"frame":1,"values":[-1,0,0,0,0,0,1,0,0,1,0,0,-0.8566,5.6,5.3526,1]},
{"frame":15,"values":[-1,0,0,0,0,0,1,0,0,1,0,0,-0.8566,5.6,5.3526,1]},
{"frame":21,"values":[-1,0,0,0,0,0,1,0,0,1,0,0,-1.4566,5.6,5.3526,1]},
{"frame":31,"values":[-1,0,0,0,0,0.2495,0.9684,0,0,0.9684,-0.2495,0,-1.4566,8.4285,3.8258,1]},
{"frame":32,"values":[-1,0,0,0,0,0.7242,0.6896,0,0,0.6896,-0.7242,0,-1.4566,12.4242,1.284,1]},
{"frame":33,"values":[-1,0,0,0,0,0.8734,0.487,0,0,0.487,-0.8734,0,-1.4566,15.2527,-0.2428,1]},
{"frame":39,"values":[-1,0,0,0,0,0.8734,0.487,0,0,0.487,-0.8734,0,-1.4566,15.2527,-0.2428,1]},
{"frame":51,"values":[-1,0,0,0,0,0,1,0,0,1,0,0,-1.4566,5.6,5.3526,1]},
{"frame":62,"values":[-1,0,0,0,0,0,1,0,0,1,0,0,-1.4566,5.6,5.3526,1]},
{"frame":71,"values":[-1,0,0,0,0,0,1,0,0,1,0,0,-1.4566,5.6,5.3526,1]},
{"frame":95,"values":[-1,0,0,0,0,0,1,0,0,1,0,0,-1.4566,5.6,5.3526,1]},
{"frame":101,"values":[-1,0,0,0,0,0,1,0,0,1,0,0,-0.8566,5.6,5.3526,1]},
{"frame":125,"values":[-1,0,0,0,0,0,1,0,0,1,0,0,-0.8566,5.6,5.3526,1]}],"loopBehavior":1,"name":"anim","property":"_matrix"}},
{"name":"foot_ctrl_l","index":3,"matrix":[1,0,0,0,0,0,-1,0,0,1,0,0,1,0.1655,-1.952,1],"rest":[1,0,0,0,0,0,-1,0,0,1,0,0,1,0.1655,-0.952,1],"parentBoneIndex":0,"length":1.2
,"animation":{"dataType":3,"framePerSecond":24,"keys":[
{"frame":1,"values":[0.9659,0,-0.2588,0,-0.2588,0,-0.9659,0,0,1,0,0,1,0.1655,-0.952,1]},
{"frame":15,"values":[0.9659,0,-0.2588,0,-0.2588,0,-0.9659,0,0,1,0,0,1,0.1655,-0.952,1]},
{"frame":21,"values":[0.9659,0,-0.2588,0,-0.2588,0,-0.9659,0,0,1,0,0,1,0.1655,-0.952,1]},
{"frame":31,"values":[0.9659,-0.0076,-0.2587,0,-0.2588,-0.0285,-0.9655,0,0,0.9996,-0.0295,0,1,0.7421,-0.9344,1]},
{"frame":32,"values":[0.9659,-0.0389,-0.2559,0,-0.2588,-0.1454,-0.9549,0,0,0.9886,-0.1506,0,1,1.9361,-0.7861,1]},
{"frame":33,"values":[0.9659,-0.0919,-0.242,0,-0.2588,-0.343,-0.903,0,0,0.9348,-0.3551,0,1,2.6771,-0.3469,1]},
{"frame":34,"values":[0.9633,-0.1848,-0.1945,0,-0.2683,-0.6743,-0.688,0,-0.004,0.715,-0.6991,0,1,2.8702,0.8447,1]},
{"frame":35,"values":[0.9611,-0.2659,-0.0747,0,-0.2758,-0.9377,-0.2114,0,-0.0138,0.2238,-0.9745,0,1,2.9423,2.3641,1]},
{"frame":36,"values":[0.9659,-0.2588,0.0036,0,-0.2588,-0.9658,0.0135,0,0,-0.0139,-0.9999,0,1,2.9511,3.0576,1]},
{"frame":37,"values":[0.9832,-0.1817,0.0181,0,-0.1819,-0.9833,0.0096,0,0.016,-0.0128,-0.9998,0,1,2.5342,2.8026,1]},
{"frame":38,"values":[0.9984,-0.0557,0.008,0,-0.0558,-0.9984,0.0035,0,0.0077,-0.0039,-1,0,1,1.6513,2.2963,1]},
{"frame":39,"values":[1,0,0,0,0,-1,0,0,0,0,-1,0,1,1.1655,2.048,1]},
{"frame":51,"values":[0.9659,0,-0.2588,0,-0.2588,0,-0.9659,0,0,1,0,0,1,0.1655,-0.952,1]},
{"frame":62,"values":[0.9659,0,-0.2588,0,-0.2588,0,-0.9659,0,0,1,0,0,1,0.1655,-0.952,1]},
{"frame":71,"values":[0.9659,0,-0.2588,0,-0.2588,0,-0.9659,0,0,1,0,0,1,0.1655,-0.952,1]},
{"frame":95,"values":[0.9659,0,-0.2588,0,-0.2588,0,-0.9659,0,0,1,0,0,1,0.1655,-0.952,1]},
{"frame":101,"values":[1,0,0,0,0,0,-1,0,0,1,0,0,1,0.1655,-1.952,1]},
{"frame":102,"values":[1,0,0,0,0,0,-1,0,0,1,0,0,1,0.363,-1.8899,1]},
{"frame":103,"values":[1,0,0,0,0,0,-1,0,0,1,0,0,1,0.7689,-1.6705,1]},
{"frame":104,"values":[1,0,0,0,0,0,-1,0,0,1,0,0,1,0.9585,-1.3075,1]},
{"frame":105,"values":[1,0,0,0,0,0,-1,0,0,1,0,0,1,0.9349,-0.7476,1]},
{"frame":106,"values":[1,0,0,0,0,0,-1,0,0,1,0,0,1,0.8615,-0.0426,1]},
{"frame":107,"values":[1,0,0,0,0,0,-1,0,0,1,0,0,1,0.7663,0.5069,1]},
{"frame":108,"values":[1,0,0,0,0,-0.0193,-0.9998,0,0,0.9998,-0.0193,0,1,0.6518,0.8278,1]},
{"frame":109,"values":[1,0,0,0,0,-0.0604,-0.9982,0,0,0.9982,-0.0604,0,1,0.5129,0.9934,1]},
{"frame":110,"values":[1,0,0,0,0,-0.0796,-0.9968,0,0,0.9968,-0.0796,0,1,0.3938,1.0719,1]},
{"frame":111,"values":[1,0,0,0,0,-0.0604,-0.9982,0,0,0.9982,-0.0604,0,1,0.2866,1.1242,1]},
{"frame":112,"values":[1,0,0,0,0,-0.0193,-0.9998,0,0,0.9998,-0.0193,0,1,0.1963,1.1455,1]},
{"frame":113,"values":[1,0,0,0,0,0,-1,0,0,1,0,0,1,0.1655,1.148,1]},
{"frame":114,"values":[1,0,0,0,0,0,-1,0,0,1,0,0,1,0.1655,1.1078,1]},
{"frame":115,"values":[1,0,0,0,0,0,-1,0,0,1,0,0,1,0.1655,0.9557,1]},
{"frame":116,"values":[1,0,0,0,0,0,-1,0,0,1,0,0,1,0.1655,0.7018,1]},
{"frame":117,"values":[1,0,0,0,0,0,-1,0,0,1,0,0,1,0.1655,0.3485,1]},
{"frame":118,"values":[1,0,0,0,0,0,-1,0,0,1,0,0,1,0.1655,-0.107,1]},
{"frame":119,"values":[1,0,0,0,0,0,-1,0,0,1,0,0,1,0.1655,-0.5558,1]},
{"frame":120,"values":[1,0,0,0,0,0,-1,0,0,1,0,0,1,0.1655,-1.0241,1]},
{"frame":121,"values":[1,0,0,0,0,0,-1,0,0,1,0,0,1,0.1655,-1.4869,1]},
{"frame":122,"values":[1,0,0,0,0,0,-1,0,0,1,0,0,1,0.1655,-1.7656,1]},
{"frame":123,"values":[1,0,0,0,0,0,-1,0,0,1,0,0,1,0.1655,-1.8945,1]},
{"frame":124,"values":[1,0,0,0,0,0,-1,0,0,1,0,0,1,0.1655,-1.946,1]},
{"frame":125,"values":[1,0,0,0,0,0,-1,0,0,1,0,0,1,0.1655,-1.952,1]}],"loopBehavior":1,"name":"anim","property":"_matrix"}},
{"name":"ball_ctrl_l","index":4,"matrix":[1,0,0,0,0,0.6337,0.7736,0,0,-0.7736,0.6337,0,0,-1.027,0.1062,1],"rest":[1,0,0,0,0,0.8123,0.5832,0,0,-0.5832,0.8123,0,0,-1.027,0.1062,1],"parentBoneIndex":3,"length":1.0772
,"animation":{"dataType":3,"framePerSecond":24,"keys":[
{"frame":1,"values":[1,0,0,0,0,0.8123,0.5832,0,0,-0.5832,0.8123,0,0,-1.027,0.1062,1]},
{"frame":15,"values":[1,0,0,0,0,0.8123,0.5832,0,0,-0.5832,0.8123,0,0,-1.027,0.1062,1]},
{"frame":21,"values":[1,0,0,0,0,0.8123,0.5832,0,0,-0.5832,0.8123,0,0,-1.027,0.1062,1]},
{"frame":39,"values":[1,0,0,0,0,0.8123,0.5832,0,0,-0.5832,0.8123,0,0,-1.027,0.1062,1]},
{"frame":51,"values":[1,0,0,0,0,0.8123,0.5832,0,0,-0.5832,0.8123,0,0,-1.027,0.1062,1]},
{"frame":62,"values":[1,0,0,0,0,0.8123,0.5832,0,0,-0.5832,0.8123,0,0,-1.027,0.1062,1]},
{"frame":71,"values":[1,0,0,0,0,0.8123,0.5832,0,0,-0.5832,0.8123,0,0,-1.027,0.1062,1]},
{"frame":95,"values":[1,0,0,0,0,0.8123,0.5832,0,0,-0.5832,0.8123,0,0,-1.027,0.1062,1]},
{"frame":101,"values":[1,0,0,0,0,0.6337,0.7736,0,0,-0.7736,0.6337,0,0,-1.027,0.1062,1]},
{"frame":102,"values":[1,0,0,0,0,0.5331,0.8461,0,0,-0.8461,0.5331,0,0,-1.027,0.1062,1]},
{"frame":103,"values":[1,0,0,0,0,0.2913,0.9566,0,0,-0.9566,0.2913,0,0,-1.027,0.1062,1]},
{"frame":104,"values":[1,0,0,0,0,0.1712,0.9852,0,0,-0.9852,0.1712,0,0,-1.027,0.1062,1]},
{"frame":105,"values":[1,0,0,0,0,0.35,0.9368,0,0,-0.9368,0.35,0,0,-1.027,0.1062,1]},
{"frame":106,"values":[1,0,0,0,0,0.6905,0.7233,0,0,-0.7233,0.6905,0,0,-1.027,0.1062,1]},
{"frame":107,"values":[1,0,0,0,0,0.8123,0.5832,0,0,-0.5832,0.8123,0,0,-1.027,0.1062,1]},
{"frame":114,"values":[1,0,0,0,0,0.8101,0.5863,0,0,-0.5863,0.8101,0,0,-1.027,0.1062,1]},
{"frame":115,"values":[1,0,0,0,0,0.8023,0.597,0,0,-0.597,0.8023,0,0,-1.027,0.1062,1]},
{"frame":116,"values":[1,0,0,0,0,0.7907,0.6122,0,0,-0.6122,0.7907,0,0,-1.027,0.1062,1]},
{"frame":117,"values":[1,0,0,0,0,0.7762,0.6304,0,0,-0.6304,0.7762,0,0,-1.027,0.1062,1]},
{"frame":118,"values":[1,0,0,0,0,0.7573,0.6531,0,0,-0.6531,0.7573,0,0,-1.027,0.1062,1]},
{"frame":119,"values":[1,0,0,0,0,0.7369,0.676,0,0,-0.676,0.7369,0,0,-1.027,0.1062,1]},
{"frame":120,"values":[1,0,0,0,0,0.7148,0.6994,0,0,-0.6994,0.7148,0,0,-1.027,0.1062,1]},
{"frame":121,"values":[1,0,0,0,0,0.6907,0.7231,0,0,-0.7231,0.6907,0,0,-1.027,0.1062,1]},
{"frame":122,"values":[1,0,0,0,0,0.6704,0.742,0,0,-0.742,0.6704,0,0,-1.027,0.1062,1]},
{"frame":123,"values":[1,0,0,0,0,0.6524,0.7579,0,0,-0.7579,0.6524,0,0,-1.027,0.1062,1]},
{"frame":124,"values":[1,0,0,0,0,0.6383,0.7698,0,0,-0.7698,0.6383,0,0,-1.027,0.1062,1]},
{"frame":125,"values":[1,0,0,0,0,0.6337,0.7736,0,0,-0.7736,0.6337,0,0,-1.027,0.1062,1]}],"loopBehavior":1,"name":"anim","property":"_matrix"}},
{"name":"ankle_l","index":5,"matrix":[0.9999,-0.0042,0.0135,0,0.0113,-0.3387,-0.9408,0,0.0085,0.9409,-0.3386,0,0,1.0772,0,1],"rest":[0.9999,-0.0042,0.0135,0,0.0113,-0.3387,-0.9408,0,0.0085,0.9409,-0.3386,0,0,1.0772,0,1],"parentBoneIndex":4,"length":0.3847
,"animation":{"dataType":3,"framePerSecond":24,"keys":[
{"frame":1,"values":[0.9999,-0.0042,0.0135,0,0.0113,-0.3387,-0.9408,0,0.0085,0.9409,-0.3386,0,0,1.0772,0,1]},
{"frame":15,"values":[0.9999,-0.0042,0.0135,0,0.0113,-0.3387,-0.9408,0,0.0085,0.9409,-0.3386,0,0,1.0772,0,1]},
{"frame":21,"values":[0.9999,-0.0042,0.0135,0,0.0113,-0.3387,-0.9408,0,0.0085,0.9409,-0.3386,0,0,1.0772,0,1]},
{"frame":32,"values":[0.9999,-0.0042,0.0135,0,0.0113,-0.3387,-0.9408,0,0.0085,0.9409,-0.3386,0,0,1.0773,0,1]},
{"frame":33,"values":[0.9999,-0.0042,0.0135,0,0.0113,-0.3387,-0.9408,0,0.0085,0.9409,-0.3386,0,0,1.0772,0,1]},
{"frame":38,"values":[0.9999,-0.0042,0.0135,0,0.0113,-0.3387,-0.9408,0,0.0085,0.9409,-0.3386,0,0,1.0773,0,1]},
{"frame":39,"values":[0.9999,-0.0042,0.0135,0,0.0113,-0.3387,-0.9408,0,0.0085,0.9409,-0.3386,0,0,1.0772,0,1]},
{"frame":51,"values":[0.9999,-0.0042,0.0135,0,0.0113,-0.3387,-0.9408,0,0.0085,0.9409,-0.3386,0,0,1.0772,0,1]},
{"frame":62,"values":[0.9999,-0.0042,0.0135,0,0.0113,-0.3387,-0.9408,0,0.0085,0.9409,-0.3386,0,0,1.0772,0,1]},
{"frame":71,"values":[0.9999,-0.0042,0.0135,0,0.0113,-0.3387,-0.9408,0,0.0085,0.9409,-0.3386,0,0,1.0772,0,1]},
{"frame":95,"values":[0.9999,-0.0042,0.0135,0,0.0113,-0.3387,-0.9408,0,0.0085,0.9409,-0.3386,0,0,1.0772,0,1]},
{"frame":101,"values":[0.9999,-0.0042,0.0135,0,0.0113,-0.3387,-0.9408,0,0.0085,0.9409,-0.3386,0,0,1.0772,0,1]},
{"frame":107,"values":[0.9999,-0.0042,0.0135,0,0.0113,-0.3387,-0.9408,0,0.0085,0.9409,-0.3386,0,0,1.0773,0,1]},
{"frame":108,"values":[0.9999,-0.0042,0.0135,0,0.0113,-0.3387,-0.9408,0,0.0085,0.9409,-0.3386,0,0,1.0772,0,1]},
{"frame":125,"values":[0.9999,-0.0042,0.0135,0,0.0113,-0.3387,-0.9408,0,0.0085,0.9409,-0.3386,0,0,1.0772,0,1]}],"loopBehavior":1,"name":"anim","property":"_matrix"}},
{"name":"toe_ctrl_l","index":6,"matrix":[1,0,0,0,0,-0.9939,-0.1104,0,0,0.1104,-0.9939,0,0,-1.027,0.1062,1],"rest":[1,0,0,0,0,-0.9939,-0.1104,0,0,0.1104,-0.9939,0,0,-1.027,0.1062,1],"parentBoneIndex":3,"length":1.8111
,"animation":{"dataType":3,"framePerSecond":24,"keys":[
{"frame":1,"values":[1,0,0,0,0,-0.9939,-0.1104,0,0,0.1104,-0.9939,0,0,-1.027,0.1062,1]},
{"frame":15,"values":[1,0,0,0,0,-0.9939,-0.1104,0,0,0.1104,-0.9939,0,0,-1.027,0.1062,1]},
{"frame":21,"values":[1,0,0,0,0,-0.9939,-0.1104,0,0,0.1104,-0.9939,0,0,-1.027,0.1062,1]},
{"frame":39,"values":[1,0,0,0,0,-0.9939,-0.1104,0,0,0.1104,-0.9939,0,0,-1.027,0.1062,1]},
{"frame":51,"values":[1,0,0,0,0,-0.9939,-0.1104,0,0,0.1104,-0.9939,0,0,-1.027,0.1062,1]},
{"frame":62,"values":[1,0,0,0,0,-0.9939,-0.1104,0,0,0.1104,-0.9939,0,0,-1.027,0.1062,1]},
{"frame":71,"values":[1,0,0,0,0,-0.9939,-0.1104,0,0,0.1104,-0.9939,0,0,-1.027,0.1062,1]},
{"frame":95,"values":[1,0,0,0,0,-0.9939,-0.1104,0,0,0.1104,-0.9939,0,0,-1.027,0.1062,1]},
{"frame":101,"values":[1,0,0,0,0,-0.9939,-0.1104,0,0,0.1104,-0.9939,0,0,-1.027,0.1062,1]},
{"frame":125,"values":[1,0,0,0,0,-0.9939,-0.1104,0,0,0.1104,-0.9939,0,0,-1.027,0.1062,1]}],"loopBehavior":1,"name":"anim","property":"_matrix"}},
{"name":"foot_ctrl_r","index":7,"matrix":[1,0,0,0,0,0,-1,0,0,1,0,0,-1,0.1655,1.148,1],"rest":[1,0,0,0,0,0,-1,0,0,1,0,0,-1,0.1655,-0.952,1],"parentBoneIndex":0,"length":1.2
,"animation":{"dataType":3,"framePerSecond":24,"keys":[
{"frame":1,"values":[0.9848,0,0.1736,0,0.1736,0,-0.9848,0,0,1,0,0,-1,0.1655,1.148,1]},
{"frame":15,"values":[0.9848,0,0.1736,0,0.1736,0,-0.9848,0,0,1,0,0,-1,0.1655,1.148,1]},
{"frame":21,"values":[0.9848,0,0.1736,0,0.1736,0,-0.9848,0,0,1,0,0,-1,0.1655,1.148,1]},
{"frame":28,"values":[0.9848,0.0073,0.1735,0,0.1736,-0.0415,-0.9839,0,0,0.9991,-0.0421,0,-1,0.3519,1.1846,1]},
{"frame":29,"values":[0.9848,0.0229,0.1721,0,0.1736,-0.13,-0.9762,0,0,0.9912,-0.132,0,-1,0.8786,1.2627,1]},
{"frame":30,"values":[0.9848,0.0302,0.171,0,0.1736,-0.171,-0.9698,0,0,0.9848,-0.1736,0,-1,1.6289,1.2994,1]},
{"frame":31,"values":[0.9848,0.0271,0.1715,0,0.1736,-0.1538,-0.9727,0,0,0.9877,-0.1562,0,-1,2.9115,1.146,1]},
{"frame":32,"values":[0.9848,0.0206,0.1724,0,0.1736,-0.1169,-0.9778,0,0,0.9929,-0.1187,0,-1,4.3351,0.819,1]},
{"frame":33,"values":[0.9848,0.0175,0.1728,0,0.1736,-0.0995,-0.9798,0,0,0.9949,-0.101,0,-1,4.9569,0.6662,1]},
{"frame":34,"values":[0.9838,0.063,0.1678,0,0.1792,-0.332,-0.9261,0,-0.0026,0.9412,-0.3379,0,-1,4.7831,0.7541,1]},
{"frame":35,"values":[0.9824,0.1511,0.1097,0,0.1867,-0.789,-0.5853,0,-0.0019,0.5955,-0.8034,0,-1,4.3079,0.9975,1]},
{"frame":36,"values":[0.9848,0.1683,0.0426,0,0.1736,-0.9547,-0.2416,0,0,0.2453,-0.9694,0,-1,3.6829,1.2618,1]},
{"frame":37,"values":[0.9928,0.1192,0.0111,0,0.1197,-0.9887,-0.0904,0,0.0002,0.0911,-0.9958,0,-1,2.7721,1.5703,1]},
{"frame":38,"values":[0.9993,0.0366,0.0005,0,0.0366,-0.9992,-0.0147,0,-0.0001,0.0148,-0.9999,0,-1,1.7191,1.9101,1]},
{"frame":39,"values":[1,0,0,0,0,-1,0,0,0,0,-1,0,-1,1.1655,2.048,1]},
{"frame":51,"values":[0.9848,0,0.1736,0,0.1736,0,-0.9848,0,0,1,0,0,-1,0.1655,1.148,1]},
{"frame":62,"values":[0.9848,0,0.1736,0,0.1736,0,-0.9848,0,0,1,0,0,-1,0.1655,1.148,1]},
{"frame":71,"values":[0.9848,0,0.1736,0,0.1736,0,-0.9848,0,0,1,0,0,-1,0.1655,1.148,1]},
{"frame":95,"values":[0.9848,0,0.1736,0,0.1736,0,-0.9848,0,0,1,0,0,-1,0.1655,1.148,1]},
{"frame":101,"values":[1,0,0,0,0,0,-1,0,0,1,0,0,-1,0.1655,1.148,1]},
{"frame":102,"values":[1,0,0,0,0,0,-1,0,0,1,0,0,-1,0.1655,1.1074,1]},
{"frame":103,"values":[1,0,0,0,0,0,-1,0,0,1,0,0,-1,0.1655,0.9553,1]},
{"frame":104,"values":[1,0,0,0,0,0,-1,0,0,1,0,0,-1,0.1655,0.7018,1]},
{"frame":105,"values":[1,0,0,0,0,0,-1,0,0,1,0,0,-1,0.1655,0.3485,1]},
{"frame":106,"values":[1,0,0,0,0,0,-1,0,0,1,0,0,-1,0.1655,-0.107,1]},
{"frame":107,"values":[1,0,0,0,0,0,-1,0,0,1,0,0,-1,0.1655,-0.5558,1]},
{"frame":108,"values":[1,0,0,0,0,0,-1,0,0,1,0,0,-1,0.1655,-1.0241,1]},
{"frame":109,"values":[1,0,0,0,0,0,-1,0,0,1,0,0,-1,0.1655,-1.4869,1]},
{"frame":110,"values":[1,0,0,0,0,0,-1,0,0,1,0,0,-1,0.1655,-1.7656,1]},
{"frame":111,"values":[1,0,0,0,0,0,-1,0,0,1,0,0,-1,0.1655,-1.8945,1]},
{"frame":112,"values":[1,0,0,0,0,0,-1,0,0,1,0,0,-1,0.1655,-1.946,1]},
{"frame":113,"values":[1,0,0,0,0,0,-1,0,0,1,0,0,-1,0.1655,-1.952,1]},
{"frame":114,"values":[1,0,0,0,0,0,-1,0,0,1,0,0,-1,0.3583,-1.8913,1]},
{"frame":115,"values":[1,0,0,0,0,0,-1,0,0,1,0,0,-1,0.7668,-1.672,1]},
{"frame":116,"values":[1,0,0,0,0,0,-1,0,0,1,0,0,-1,0.9585,-1.3075,1]},
{"frame":117,"values":[1,0,0,0,0,0,-1,0,0,1,0,0,-1,0.9349,-0.7476,1]},
{"frame":118,"values":[1,0,0,0,0,0,-1,0,0,1,0,0,-1,0.8615,-0.0426,1]},
{"frame":119,"values":[1,0,0,0,0,0,-1,0,0,1,0,0,-1,0.7663,0.5069,1]},
{"frame":120,"values":[1,0,0,0,0,-0.0193,-0.9998,0,0,0.9998,-0.0193,0,-1,0.6518,0.8278,1]},
{"frame":121,"values":[1,0,0,0,0,-0.0604,-0.9982,0,0,0.9982,-0.0604,0,-1,0.5129,0.9934,1]},
{"frame":122,"values":[1,0,0,0,0,-0.0796,-0.9968,0,0,0.9968,-0.0796,0,-1,0.3938,1.0719,1]},
{"frame":123,"values":[1,0,0,0,0,-0.0604,-0.9982,0,0,0.9982,-0.0604,0,-1,0.2867,1.1242,1]},
{"frame":124,"values":[1,0,0,0,0,-0.0193,-0.9998,0,0,0.9998,-0.0193,0,-1,0.1963,1.1456,1]},
{"frame":125,"values":[1,0,0,0,0,0,-1,0,0,1,0,0,-1,0.1655,1.148,1]}],"loopBehavior":1,"name":"anim","property":"_matrix"}},
{"name":"ball_ctrl_r","index":8,"matrix":[1,0,0,0,0,0.8123,0.5832,0,0,-0.5832,0.8123,0,0,-1.027,0.1062,1],"rest":[1,0,0,0,0,0.8123,0.5832,0,0,-0.5832,0.8123,0,0,-1.027,0.1062,1],"parentBoneIndex":7,"length":1.0772
,"animation":{"dataType":3,"framePerSecond":24,"keys":[
{"frame":1,"values":[1,0,0,0,0,0.8123,0.5832,0,0,-0.5832,0.8123,0,0,-1.027,0.1062,1]},
{"frame":15,"values":[1,0,0,0,0,0.8123,0.5832,0,0,-0.5832,0.8123,0,0,-1.027,0.1062,1]},
{"frame":21,"values":[1,0,0,0,0,0.8123,0.5832,0,0,-0.5832,0.8123,0,0,-1.027,0.1062,1]},
{"frame":39,"values":[1,0,0,0,0,0.8123,0.5832,0,0,-0.5832,0.8123,0,0,-1.027,0.1062,1]},
{"frame":51,"values":[1,0,0,0,0,0.8123,0.5832,0,0,-0.5832,0.8123,0,0,-1.027,0.1062,1]},
{"frame":62,"values":[1,0,0,0,0,0.8123,0.5832,0,0,-0.5832,0.8123,0,0,-1.027,0.1062,1]},
{"frame":71,"values":[1,0,0,0,0,0.8123,0.5832,0,0,-0.5832,0.8123,0,0,-1.027,0.1062,1]},
{"frame":95,"values":[1,0,0,0,0,0.8123,0.5832,0,0,-0.5832,0.8123,0,0,-1.027,0.1062,1]},
{"frame":101,"values":[1,0,0,0,0,0.8123,0.5832,0,0,-0.5832,0.8123,0,0,-1.027,0.1062,1]},
{"frame":102,"values":[1,0,0,0,0,0.8101,0.5863,0,0,-0.5863,0.8101,0,0,-1.027,0.1062,1]},
{"frame":103,"values":[1,0,0,0,0,0.8023,0.597,0,0,-0.597,0.8023,0,0,-1.027,0.1062,1]},
{"frame":104,"values":[1,0,0,0,0,0.7907,0.6122,0,0,-0.6122,0.7907,0,0,-1.027,0.1062,1]},
{"frame":105,"values":[1,0,0,0,0,0.7762,0.6304,0,0,-0.6304,0.7762,0,0,-1.027,0.1062,1]},
{"frame":106,"values":[1,0,0,0,0,0.7573,0.6531,0,0,-0.6531,0.7573,0,0,-1.027,0.1062,1]},
{"frame":107,"values":[1,0,0,0,0,0.7369,0.676,0,0,-0.676,0.7369,0,0,-1.027,0.1062,1]},
{"frame":108,"values":[1,0,0,0,0,0.7148,0.6994,0,0,-0.6994,0.7148,0,0,-1.027,0.1062,1]},
{"frame":109,"values":[1,0,0,0,0,0.6907,0.7231,0,0,-0.7231,0.6907,0,0,-1.027,0.1062,1]},
{"frame":110,"values":[1,0,0,0,0,0.6704,0.742,0,0,-0.742,0.6704,0,0,-1.027,0.1062,1]},
{"frame":111,"values":[1,0,0,0,0,0.66,0.7513,0,0,-0.7513,0.66,0,0,-1.027,0.1062,1]},
{"frame":112,"values":[1,0,0,0,0,0.6546,0.756,0,0,-0.756,0.6546,0,0,-1.027,0.1062,1]},
{"frame":113,"values":[1,0,0,0,0,0.6337,0.7736,0,0,-0.7736,0.6337,0,0,-1.027,0.1062,1]},
{"frame":114,"values":[1,0,0,0,0,0.5151,0.8571,0,0,-0.8571,0.5151,0,0,-1.027,0.1062,1]},
{"frame":115,"values":[1,0,0,0,0,0.282,0.9594,0,0,-0.9594,0.282,0,0,-1.027,0.1062,1]},
{"frame":116,"values":[1,0,0,0,0,0.1712,0.9852,0,0,-0.9852,0.1712,0,0,-1.027,0.1062,1]},
{"frame":117,"values":[1,0,0,0,0,0.35,0.9368,0,0,-0.9368,0.35,0,0,-1.027,0.1062,1]},
{"frame":118,"values":[1,0,0,0,0,0.6905,0.7233,0,0,-0.7233,0.6905,0,0,-1.027,0.1062,1]},
{"frame":119,"values":[1,0,0,0,0,0.8123,0.5832,0,0,-0.5832,0.8123,0,0,-1.027,0.1062,1]},
{"frame":125,"values":[1,0,0,0,0,0.8123,0.5832,0,0,-0.5832,0.8123,0,0,-1.027,0.1062,1]}],"loopBehavior":1,"name":"anim","property":"_matrix"}},
{"name":"ankle_r","index":9,"matrix":[0.9999,0.0042,-0.0135,0,-0.0113,-0.3387,-0.9408,0,-0.0085,0.9409,-0.3386,0,0,1.0772,0,1],"rest":[0.9999,0.0042,-0.0135,0,-0.0113,-0.3387,-0.9408,0,-0.0085,0.9409,-0.3386,0,0,1.0772,0,1],"parentBoneIndex":8,"length":0.3847
,"animation":{"dataType":3,"framePerSecond":24,"keys":[
{"frame":1,"values":[0.9999,0.0042,-0.0135,0,-0.0113,-0.3387,-0.9408,0,-0.0085,0.9409,-0.3386,0,0,1.0772,0,1]},
{"frame":15,"values":[0.9999,0.0042,-0.0135,0,-0.0113,-0.3387,-0.9408,0,-0.0085,0.9409,-0.3386,0,0,1.0772,0,1]},
{"frame":21,"values":[0.9999,0.0042,-0.0135,0,-0.0113,-0.3387,-0.9408,0,-0.0085,0.9409,-0.3386,0,0,1.0772,0,1]},
{"frame":39,"values":[0.9999,0.0042,-0.0135,0,-0.0113,-0.3387,-0.9408,0,-0.0085,0.9409,-0.3386,0,0,1.0772,0,1]},
{"frame":51,"values":[0.9999,0.0042,-0.0135,0,-0.0113,-0.3387,-0.9408,0,-0.0085,0.9409,-0.3386,0,0,1.0772,0,1]},
{"frame":62,"values":[0.9999,0.0042,-0.0135,0,-0.0113,-0.3387,-0.9408,0,-0.0085,0.9409,-0.3386,0,0,1.0772,0,1]},
{"frame":71,"values":[0.9999,0.0042,-0.0135,0,-0.0113,-0.3387,-0.9408,0,-0.0085,0.9409,-0.3386,0,0,1.0772,0,1]},
{"frame":95,"values":[0.9999,0.0042,-0.0135,0,-0.0113,-0.3387,-0.9408,0,-0.0085,0.9409,-0.3386,0,0,1.0772,0,1]},
{"frame":101,"values":[0.9999,0.0042,-0.0135,0,-0.0113,-0.3387,-0.9408,0,-0.0085,0.9409,-0.3386,0,0,1.0772,0,1]},
{"frame":105,"values":[0.9999,0.0042,-0.0135,0,-0.0113,-0.3387,-0.9408,0,-0.0085,0.9409,-0.3386,0,0,1.0773,0,1]},
{"frame":106,"values":[0.9999,0.0042,-0.0135,0,-0.0113,-0.3387,-0.9408,0,-0.0085,0.9409,-0.3386,0,0,1.0772,0,1]},
{"frame":111,"values":[0.9999,0.0042,-0.0135,0,-0.0113,-0.3387,-0.9408,0,-0.0085,0.9409,-0.3386,0,0,1.0773,0,1]},
{"frame":112,"values":[0.9999,0.0042,-0.0135,0,-0.0113,-0.3387,-0.9408,0,-0.0085,0.9409,-0.3386,0,0,1.0772,0,1]},
{"frame":119,"values":[0.9999,0.0042,-0.0135,0,-0.0113,-0.3387,-0.9408,0,-0.0085,0.9409,-0.3386,0,0,1.0773,0,1]},
{"frame":120,"values":[0.9999,0.0042,-0.0135,0,-0.0113,-0.3387,-0.9408,0,-0.0085,0.9409,-0.3386,0,0,1.0772,0,1]},
{"frame":125,"values":[0.9999,0.0042,-0.0135,0,-0.0113,-0.3387,-0.9408,0,-0.0085,0.9409,-0.3386,0,0,1.0772,0,1]}],"loopBehavior":1,"name":"anim","property":"_matrix"}},
{"name":"toe_ctrl_r","index":10,"matrix":[1,0,0,0,0,-0.9939,-0.1104,0,0,0.1104,-0.9939,0,0,-1.027,0.1062,1],"rest":[1,0,0,0,0,-0.9939,-0.1104,0,0,0.1104,-0.9939,0,0,-1.027,0.1062,1],"parentBoneIndex":7,"length":1.8111
,"animation":{"dataType":3,"framePerSecond":24,"keys":[
{"frame":1,"values":[1,0,0,0,0,-0.9939,-0.1104,0,0,0.1104,-0.9939,0,0,-1.027,0.1062,1]},
{"frame":15,"values":[1,0,0,0,0,-0.9939,-0.1104,0,0,0.1104,-0.9939,0,0,-1.027,0.1062,1]},
{"frame":21,"values":[1,0,0,0,0,-0.9939,-0.1104,0,0,0.1104,-0.9939,0,0,-1.027,0.1062,1]},
{"frame":39,"values":[1,0,0,0,0,-0.9939,-0.1104,0,0,0.1104,-0.9939,0,0,-1.027,0.1062,1]},
{"frame":51,"values":[1,0,0,0,0,-0.9939,-0.1104,0,0,0.1104,-0.9939,0,0,-1.027,0.1062,1]},
{"frame":62,"values":[1,0,0,0,0,-0.9939,-0.1104,0,0,0.1104,-0.9939,0,0,-1.027,0.1062,1]},
{"frame":71,"values":[1,0,0,0,0,-0.9939,-0.1104,0,0,0.1104,-0.9939,0,0,-1.027,0.1062,1]},
{"frame":95,"values":[1,0,0,0,0,-0.9939,-0.1104,0,0,0.1104,-0.9939,0,0,-1.027,0.1062,1]},
{"frame":101,"values":[1,0,0,0,0,-0.9939,-0.1104,0,0,0.1104,-0.9939,0,0,-1.027,0.1062,1]},
{"frame":125,"values":[1,0,0,0,0,-0.9939,-0.1104,0,0,0.1104,-0.9939,0,0,-1.027,0.1062,1]}],"loopBehavior":1,"name":"anim","property":"_matrix"}},
{"name":"body_ctrl","index":11,"matrix":[1,0,0,0,0,0,-1,0,0,1,0,0,0,11.1207,1.4,1],"rest":[1,0,0,0,0,0,-1,0,0,1,0,0,0,11.4,0.4,1],"parentBoneIndex":0,"length":3
,"animation":{"dataType":3,"framePerSecond":24,"keys":[
{"frame":1,"values":[0.6428,0,-0.766,0,-0.766,0,-0.6428,0,0,1,0,0,-0.2668,9.4,1.4,1]},
{"frame":2,"values":[0.6428,0,-0.766,0,-0.766,0,-0.6428,0,0,1,0,0,-0.2668,9.4902,1.4286,1]},
{"frame":3,"values":[0.6428,0,-0.766,0,-0.766,0,-0.6428,0,0,1,0,0,-0.2668,9.7467,1.5112,1]},
{"frame":4,"values":[0.6428,0,-0.766,0,-0.766,0,-0.6428,0,0,1,0,0,-0.2668,10.1081,1.6298,1]},
{"frame":5,"values":[0.6428,0,-0.766,0,-0.766,0,-0.6428,0,0,1,0,0,-0.2668,10.4668,1.7493,1]},
{"frame":6,"values":[0.6428,0,-0.766,0,-0.766,0,-0.6428,0,0,1,0,0,-0.2668,10.7183,1.8339,1]},
{"frame":7,"values":[0.6428,0,-0.766,0,-0.766,0,-0.6428,0,0,1,0,0,-0.2668,10.806,1.8634,1]},
{"frame":8,"values":[0.7874,0,-0.6165,0,-0.6165,0,-0.7874,0,0,1,0,0,-0.2668,10.4213,1.5075,1]},
{"frame":9,"values":[0.9784,0,-0.2069,0,-0.2069,0,-0.9784,0,0,1,0,0,-0.2668,9.6034,0.7601,1]},
{"frame":10,"values":[1,0,0,0,0,0,-1,0,0,1,0,0,-0.2668,9.206,0.4,1]},
{"frame":15,"values":[1,0,0,0,0,0,-1,0,0,1,0,0,-0.2668,9.206,0.4,1]},
{"frame":21,"values":[1,0,0,0,0,0,-1,0,0,1,0,0,-0.2668,9.9963,1.4,1]},
{"frame":22,"values":[1,0,0,0,0,-0.0417,-0.9991,0,0,0.9991,-0.0417,0,-0.2668,10.1183,1.2461,1]},
{"frame":23,"values":[1,0,0,0,0,-0.1521,-0.9884,0,0,0.9884,-0.1521,0,-0.2668,10.4115,0.8452,1]},
{"frame":24,"values":[1,0,0,0,0,-0.2588,-0.9659,0,0,0.9659,-0.2588,0,-0.2668,10.6523,0.4,1]},
{"frame":25,"values":[1,0,0,0,0,-0.3492,-0.937,0,0,0.937,-0.3492,0,-0.2668,10.8062,0.0295,1]},
{"frame":26,"values":[1,0,0,0,0,-0.4384,-0.8988,0,0,0.8988,-0.4384,0,-0.2668,10.9182,-0.3758,1]},
{"frame":27,"values":[1,0,0,0,0,-0.5075,-0.8616,0,0,0.8616,-0.5075,0,-0.2668,10.955,-0.9893,1]},
{"frame":28,"values":[1,0,0,0,0,-0.5463,-0.8376,0,0,0.8376,-0.5463,0,-0.2668,10.5087,-1.9463,1]},
{"frame":29,"values":[1,0,0,0,0,-0.5679,-0.8231,0,0,0.8231,-0.5679,0,-0.2668,9.4599,-3.0917,1]},
{"frame":30,"values":[1,0,0,0,0,-0.6161,-0.7877,0,0,0.7877,-0.6161,0,-0.2668,8.4,-4.3425,1]},
{"frame":31,"values":[1,0,0,0,0,-0.6922,-0.7217,0,0,0.7217,-0.6922,0,-0.2668,7.6734,-6.1179,1]},
{"frame":32,"values":[1,0,0,0,0,-0.7821,-0.6231,0,0,0.6231,-0.7821,0,-0.2668,6.9742,-7.8758,1]},
{"frame":33,"values":[1,0,0,0,0,-0.866,-0.5,0,0,0.5,-0.866,0,-0.2668,6.1223,-8.7577,1]},
{"frame":34,"values":[1,0,0,0,0,-0.9494,-0.314,0,0,0.314,-0.9494,0,-0.2668,4.5693,-8.7577,1]},
{"frame":35,"values":[1,0,0,0,0,-0.996,-0.0895,0,0,0.0895,-0.996,0,-0.2668,2.9279,-8.7577,1]},
{"frame":36,"values":[1,0,0,0,0,-1,0,0,0,0,-1,0,-0.2668,2.1223,-8.7577,1]},
{"frame":39,"values":[1,0,0,0,0,-1,0,0,0,0,-1,0,-0.2668,2.1223,-8.7577,1]},
{"frame":51,"values":[1,0,0,0,0,0,-1,0,0,1,0,0,-0.2668,10.4,1.4,1]},
{"frame":52,"values":[1,0,0,0,0,-0.0522,-0.9986,0,0,0.9986,-0.0522,0,-0.2668,10.4,1.147,1]},
{"frame":53,"values":[1,0,0,0,0,-0.1744,-0.9847,0,0,0.9847,-0.1744,0,-0.2668,10.4,0.6377,1]},
{"frame":54,"values":[1,0,0,0,0,-0.2588,-0.9659,0,0,0.9659,-0.2588,0,-0.2668,10.4,0.4,1]},
{"frame":55,"values":[1,0,0,0,0,-0.2935,-0.956,0,0,0.956,-0.2935,0,-0.2668,10.4,0.4339,1]},
{"frame":56,"values":[1,0,0,0,0,-0.3078,-0.9515,0,0,0.9515,-0.3078,0,-0.2668,10.4,0.5346,1]},
{"frame":57,"values":[1,0,0,0,0,-0.3095,-0.9509,0,0,0.9509,-0.3095,0,-0.2668,10.4,0.6575,1]},
{"frame":58,"values":[1,0,0,0,0,-0.2829,-0.9592,0,0,0.9592,-0.2829,0,-0.2668,10.4,0.8075,1]},
{"frame":59,"values":[1,0,0,0,0,-0.2065,-0.9784,0,0,0.9784,-0.2065,0,-0.2668,10.4,1.0082,1]},
{"frame":60,"values":[1,0,0,0,0,-0.1065,-0.9943,0,0,0.9943,-0.1065,0,-0.2668,10.4,1.2106,1]},
{"frame":61,"values":[1,0,0,0,0,-0.0279,-0.9996,0,0,0.9996,-0.0279,0,-0.2668,10.4,1.3521,1]},
{"frame":62,"values":[1,0,0,0,0,0,-1,0,0,1,0,0,-0.2668,10.4,1.4,1]},
{"frame":71,"values":[0.6403,-0.056,-0.766,0,-0.7631,0.0668,-0.6428,0,0.0872,0.9962,0,0,-0.2668,9.6186,1.4,1]},
{"frame":72,"values":[0.6403,-0.056,-0.766,0,-0.7631,0.0668,-0.6428,0,0.0872,0.9962,0,0,-0.2668,9.6487,1.4,1]},
{"frame":73,"values":[0.6403,-0.056,-0.766,0,-0.7631,0.0668,-0.6428,0,0.0872,0.9962,0,0,-0.2668,9.7386,1.4,1]},
{"frame":74,"values":[0.6403,-0.056,-0.766,0,-0.7631,0.0668,-0.6428,0,0.0872,0.9962,0,0,-0.2668,9.8599,1.4,1]},
{"frame":75,"values":[0.6403,-0.056,-0.766,0,-0.7631,0.0668,-0.6428,0,0.0872,0.9962,0,0,-0.2668,9.9696,1.4,1]},
{"frame":76,"values":[0.6403,-0.056,-0.766,0,-0.7631,0.0668,-0.6428,0,0.0872,0.9962,0,0,-0.2668,10.0717,1.4,1]},
{"frame":77,"values":[0.6403,-0.056,-0.766,0,-0.7631,0.0668,-0.6428,0,0.0872,0.9962,0,0,-0.2668,10.1832,1.4,1]},
{"frame":78,"values":[0.6403,-0.056,-0.766,0,-0.7631,0.0668,-0.6428,0,0.0872,0.9962,0,0,-0.2668,10.29,1.4,1]},
{"frame":79,"values":[0.6403,-0.056,-0.766,0,-0.7631,0.0668,-0.6428,0,0.0872,0.9962,0,0,-0.2668,10.3804,1.4,1]},
{"frame":80,"values":[0.6403,-0.056,-0.766,0,-0.7631,0.0668,-0.6428,0,0.0872,0.9962,0,0,-0.2668,10.4655,1.4,1]},
{"frame":81,"values":[0.6403,-0.056,-0.766,0,-0.7631,0.0668,-0.6428,0,0.0872,0.9962,0,0,-0.2668,10.547,1.4,1]},
{"frame":82,"values":[0.6403,-0.056,-0.766,0,-0.7631,0.0668,-0.6428,0,0.0872,0.9962,0,0,-0.2668,10.6016,1.4,1]},
{"frame":83,"values":[0.6403,-0.056,-0.766,0,-0.7631,0.0668,-0.6428,0,0.0872,0.9962,0,0,-0.2668,10.6186,1.4,1]},
{"frame":84,"values":[0.6403,-0.056,-0.766,0,-0.7631,0.0668,-0.6428,0,0.0872,0.9962,0,0,-0.2668,10.5874,1.4,1]},
{"frame":85,"values":[0.6403,-0.056,-0.766,0,-0.7631,0.0668,-0.6428,0,0.0872,0.9962,0,0,-0.2668,10.4924,1.4,1]},
{"frame":86,"values":[0.6403,-0.056,-0.766,0,-0.7631,0.0668,-0.6428,0,0.0872,0.9962,0,0,-0.2668,10.3607,1.4,1]},
{"frame":87,"values":[0.6403,-0.056,-0.766,0,-0.7631,0.0668,-0.6428,0,0.0872,0.9962,0,0,-0.2668,10.2368,1.4,1]},
{"frame":88,"values":[0.6403,-0.056,-0.766,0,-0.7631,0.0668,-0.6428,0,0.0872,0.9962,0,0,-0.2668,10.1111,1.4,1]},
{"frame":89,"values":[0.6403,-0.056,-0.766,0,-0.7631,0.0668,-0.6428,0,0.0872,0.9962,0,0,-0.2668,9.9652,1.4,1]},
{"frame":90,"values":[0.6403,-0.056,-0.766,0,-0.7631,0.0668,-0.6428,0,0.0872,0.9962,0,0,-0.2668,9.8312,1.4,1]},
{"frame":91,"values":[0.6403,-0.056,-0.766,0,-0.7631,0.0668,-0.6428,0,0.0872,0.9962,0,0,-0.2668,9.7353,1.4,1]},
{"frame":92,"values":[0.6403,-0.056,-0.766,0,-0.7631,0.0668,-0.6428,0,0.0872,0.9962,0,0,-0.2668,9.671,1.4,1]},
{"frame":93,"values":[0.6403,-0.056,-0.766,0,-0.7631,0.0668,-0.6428,0,0.0872,0.9962,0,0,-0.2668,9.6332,1.4,1]},
{"frame":94,"values":[0.6403,-0.056,-0.766,0,-0.7631,0.0668,-0.6428,0,0.0872,0.9962,0,0,-0.2668,9.6201,1.4,1]},
{"frame":95,"values":[0.6403,-0.056,-0.766,0,-0.7631,0.0668,-0.6428,0,0.0872,0.9962,0,0,-0.2668,9.6186,1.4,1]},
{"frame":101,"values":[1,0,0,0,0,0,-1,0,0,1,0,0,0,11.1207,1.4,1]},
{"frame":102,"values":[1,0.0049,0,0,0,0,-1,0,-0.0049,1,0,0,0,11.0766,1.4,1]},
{"frame":103,"values":[0.9998,0.0189,0,0,0,0,-1,0,-0.0189,0.9998,0,0,0,10.9825,1.4,1]},
{"frame":104,"values":[0.9994,0.0351,0,0,0,0,-1,0,-0.0351,0.9994,0,0,0,10.9385,1.4,1]},
{"frame":105,"values":[0.9985,0.0556,0,0,0,0,-1,0,-0.0556,0.9985,0,0,0,10.9541,1.4,1]},
{"frame":106,"values":[0.9969,0.079,0,0,0,0,-1,0,-0.079,0.9969,0,0,0,10.9991,1.4,1]},
{"frame":107,"values":[0.9961,0.0882,0,0,0,0,-1,0,-0.0882,0.9961,0,0,0,11.0508,1.4,1]},
{"frame":108,"values":[0.9961,0.088,0,0,0,0,-1,0,-0.088,0.9961,0,0,0,11.1169,1.4,1]},
{"frame":109,"values":[0.9963,0.0859,0,0,0,0,-1,0,-0.0859,0.9963,0,0,0,11.1924,1.4,1]},
{"frame":110,"values":[0.9967,0.0807,0,0,0,0,-1,0,-0.0807,0.9967,0,0,0,11.2223,1.4,1]},
{"frame":111,"values":[0.998,0.0625,0,0,0,0,-1,0,-0.0625,0.998,0,0,0,11.2093,1.4,1]},
{"frame":112,"values":[0.9996,0.0279,0,0,0,0,-1,0,-0.0279,0.9996,0,0,0,11.1698,1.4,1]},
{"frame":113,"values":[1,0,0,0,0,0,-1,0,0,1,0,0,0,11.1207,1.4,1]},
{"frame":114,"values":[0.9999,-0.0149,0,0,0,0,-1,0,0.0149,0.9999,0,0,0,11.0521,1.4,1]},
{"frame":115,"values":[0.9997,-0.0237,0,0,0,0,-1,0,0.0237,0.9997,0,0,0,10.971,1.4,1]},
{"frame":116,"values":[0.9994,-0.0351,0,0,0,0,-1,0,0.0351,0.9994,0,0,0,10.9385,1.4,1]},
{"frame":117,"values":[0.9985,-0.0556,0,0,0,0,-1,0,0.0556,0.9985,0,0,0,10.9541,1.4,1]},
{"frame":118,"values":[0.9969,-0.079,0,0,0,0,-1,0,0.079,0.9969,0,0,0,10.9991,1.4,1]},
{"frame":119,"values":[0.9961,-0.0882,0,0,0,0,-1,0,0.0882,0.9961,0,0,0,11.0508,1.4,1]},
{"frame":120,"values":[0.9961,-0.088,0,0,0,0,-1,0,0.088,0.9961,0,0,0,11.1169,1.4,1]},
{"frame":121,"values":[0.9963,-0.0859,0,0,0,0,-1,0,0.0859,0.9963,0,0,0,11.1924,1.4,1]},
{"frame":122,"values":[0.9967,-0.0807,0,0,0,0,-1,0,0.0807,0.9967,0,0,0,11.2223,1.4,1]},
{"frame":123,"values":[0.9983,-0.0578,0,0,0,0,-1,0,0.0578,0.9983,0,0,0,11.1978,1.4,1]},
{"frame":124,"values":[0.9998,-0.0179,0,0,0,0,-1,0,0.0179,0.9998,0,0,0,11.1452,1.4,1]},
{"frame":125,"values":[1,0,0,0,0,0,-1,0,0,1,0,0,0,11.1207,1.4,1]}],"loopBehavior":1,"name":"anim","property":"_matrix"}},
{"name":"torso_ctrl","index":12,"matrix":[0.9992,0,-0.0405,0,0,1,0,0,0.0405,0,0.9992,0,0,0.43,3.4318,1],"rest":[1,0,0,0,0,1,0,0,0,0,1,0,0,0.43,3.4318,1],"parentBoneIndex":11,"length":2
,"animation":{"dataType":3,"framePerSecond":24,"keys":[
{"frame":1,"values":[0.9965,-0.0788,-0.0283,0,0.0806,0.9945,0.0675,0,0.0229,-0.0696,0.9973,0,-0.0938,0.0798,3.4318,1]},
{"frame":8,"values":[0.998,-0.06,-0.021,0,0.061,0.9968,0.0515,0,0.0179,-0.0526,0.9985,0,-0.0938,0.0798,3.4318,1]},
{"frame":9,"values":[0.9998,-0.0192,-0.0064,0,0.0193,0.9997,0.0165,0,0.006,-0.0166,0.9998,0,-0.0938,0.0798,3.4318,1]},
{"frame":10,"values":[1,0,0,0,0,1,0,0,0,0,1,0,-0.0938,0.0798,3.4318,1]},
{"frame":15,"values":[1,0,0,0,0,1,0,0,0,0,1,0,-0.0938,0.0798,3.4318,1]},
{"frame":21,"values":[1,0,0,0,0,1,0,0,0,0,1,0,-0.0938,0.0798,3.4318,1]},
{"frame":25,"values":[1,0,0,0,0,0.9999,-0.0154,0,0,0.0154,0.9999,0,-0.0938,-0.0042,3.4045,1]},
{"frame":26,"values":[1,0,0,0,0,0.9988,-0.0483,0,0,0.0483,0.9988,0,-0.0938,-0.1836,3.3461,1]},
{"frame":27,"values":[1,0,0,0,0,0.998,-0.0637,0,0,0.0637,0.998,0,-0.0938,-0.2673,3.3188,1]},
{"frame":28,"values":[1,0,0,0,0,0.998,-0.0637,0,0,0.0637,0.998,0,-0.0938,-0.1836,3.3461,1]},
{"frame":29,"values":[1,0,0,0,0,0.998,-0.0637,0,0,0.0637,0.998,0,-0.0938,-0.0042,3.4045,1]},
{"frame":30,"values":[1,0,0,0,0,0.998,-0.0637,0,0,0.0637,0.998,0,-0.0938,0.0798,3.4318,1]},
{"frame":31,"values":[1,0,0,0,0,0.9999,-0.0125,0,0,0.0125,0.9999,0,-0.0938,0.0798,3.4318,1]},
{"frame":32,"values":[1,0,0,0,0,0.9953,0.0971,0,0,-0.0971,0.9953,0,-0.0938,0.0798,3.4318,1]},
{"frame":33,"values":[1,0,0,0,0,0.989,0.148,0,0,-0.148,0.989,0,-0.0938,0.0798,3.4318,1]},
{"frame":37,"values":[1,0,0,0,0,0.9937,0.1124,0,0,-0.1124,0.9937,0,-0.0938,0.0798,3.4318,1]},
{"frame":38,"values":[1,0,0,0,0,0.9994,0.0359,0,0,-0.0359,0.9994,0,-0.0938,0.0798,3.4318,1]},
{"frame":39,"values":[1,0,0,0,0,1,0,0,0,0,1,0,-0.0938,0.0798,3.4318,1]},
{"frame":51,"values":[1,0,0,0,0,1,0,0,0,0,1,0,-0.0938,0.0798,3.4318,1]},
{"frame":55,"values":[1,0,0,0,0,0.9999,-0.0154,0,0,0.0154,0.9999,0,-0.0938,0.0798,3.4318,1]},
{"frame":56,"values":[1,0,0,0,0,0.9988,-0.0483,0,0,0.0483,0.9988,0,-0.0938,0.0798,3.4318,1]},
{"frame":57,"values":[1,0,0,0,0,0.998,-0.0637,0,0,0.0637,0.998,0,-0.0938,0.0798,3.4318,1]},
{"frame":58,"values":[1,0,0,0,0,0.9983,-0.058,0,0,0.058,0.9983,0,-0.0938,0.0798,3.4318,1]},
{"frame":59,"values":[1,0,0,0,0,0.9991,-0.0421,0,0,0.0421,0.9991,0,-0.0938,0.0798,3.4318,1]},
{"frame":60,"values":[1,0,0,0,0,0.9998,-0.0216,0,0,0.0216,0.9998,0,-0.0938,0.0798,3.4318,1]},
{"frame":61,"values":[1,0,0,0,0,1,-0.0057,0,0,0.0057,1,0,-0.0938,0.0798,3.4318,1]},
{"frame":62,"values":[1,0,0,0,0,1,0,0,0,0,1,0,-0.0938,0.0798,3.4318,1]},
{"frame":71,"values":[0.9965,-0.0788,-0.0283,0,0.0806,0.9945,0.0675,0,0.0229,-0.0696,0.9973,0,-0.0938,0.0798,3.4318,1]},
{"frame":95,"values":[0.9965,-0.0788,-0.0283,0,0.0806,0.9945,0.0675,0,0.0229,-0.0696,0.9973,0,-0.0938,0.0798,3.4318,1]},
{"frame":101,"values":[0.9992,0,-0.0405,0,0,1,0,0,0.0405,0,0.9992,0,0,0.43,3.4318,1]},
{"frame":102,"values":[0.9986,0.0139,-0.0518,0,-0.014,0.9999,-0.0007,0,0.0518,0.0014,0.9987,0,0,0.43,3.4318,1]},
{"frame":103,"values":[0.9958,0.0507,-0.0759,0,-0.051,0.9987,-0.0019,0,0.0757,0.0058,0.9971,0,0,0.43,3.4318,1]},
{"frame":104,"values":[0.9924,0.0865,-0.0873,0,-0.0871,0.9962,-0.0031,0,0.0867,0.0106,0.9962,0,0,0.43,3.4318,1]},
{"frame":105,"values":[0.9898,0.1223,-0.0726,0,-0.123,0.9924,-0.0058,0,0.0714,0.0147,0.9973,0,0,0.43,3.4318,1]},
{"frame":106,"values":[0.9867,0.159,-0.035,0,-0.1595,0.9871,-0.0112,0,0.0328,0.0166,0.9993,0,0,0.43,3.4318,1]},
{"frame":107,"values":[0.9849,0.173,-0.0013,0,-0.173,0.9848,-0.0153,0,-0.0013,0.0153,0.9999,0,0,0.43,3.4318,1]},
{"frame":108,"values":[0.9868,0.1595,0.0268,0,-0.1591,0.9871,-0.0155,0,-0.0289,0.0111,0.9995,0,0,0.43,3.4318,1]},
{"frame":109,"values":[0.991,0.123,0.0526,0,-0.1226,0.9924,-0.0116,0,-0.0537,0.005,0.9985,0,0,0.43,3.4318,1]},
{"frame":110,"values":[0.9943,0.0871,0.0619,0,-0.0869,0.9962,-0.007,0,-0.0623,0.0016,0.9981,0,0,0.43,3.4318,1]},
{"frame":111,"values":[0.9967,0.0581,0.0569,0,-0.058,0.9983,-0.0036,0,-0.057,0.0003,0.9984,0,0,0.43,3.4318,1]},
{"frame":112,"values":[0.9985,0.0291,0.0458,0,-0.029,0.9996,-0.0011,0,-0.0458,-0.0002,0.999,0,0,0.43,3.4318,1]},
{"frame":113,"values":[0.9992,0,0.0405,0,0,1,0,0,-0.0405,0,0.9992,0,0,0.43,3.4318,1]},
{"frame":114,"values":[0.9982,-0.029,0.0518,0,0.029,0.9996,-0.0003,0,-0.0518,0.0018,0.9987,0,0,0.43,3.4318,1]},
{"frame":115,"values":[0.9954,-0.0578,0.0759,0,0.0581,0.9983,-0.0017,0,-0.0757,0.0061,0.9971,0,0,0.43,3.4318,1]},
{"frame":116,"values":[0.9924,-0.0865,0.0873,0,0.0871,0.9962,-0.0031,0,-0.0867,0.0106,0.9962,0,0,0.43,3.4318,1]},
{"frame":117,"values":[0.9898,-0.1223,0.0726,0,0.123,0.9924,-0.0058,0,-0.0714,0.0147,0.9973,0,0,0.43,3.4318,1]},
{"frame":118,"values":[0.9867,-0.159,0.035,0,0.1595,0.9871,-0.0112,0,-0.0328,0.0166,0.9993,0,0,0.43,3.4318,1]},
{"frame":119,"values":[0.9849,-0.173,0.0013,0,0.173,0.9848,-0.0153,0,0.0013,0.0153,0.9999,0,0,0.43,3.4318,1]},
{"frame":120,"values":[0.9868,-0.1595,-0.0268,0,0.1591,0.9871,-0.0155,0,0.0289,0.0111,0.9995,0,0,0.43,3.4318,1]},
{"frame":121,"values":[0.991,-0.123,-0.0526,0,0.1226,0.9924,-0.0116,0,0.0537,0.005,0.9985,0,0,0.43,3.4318,1]},
{"frame":122,"values":[0.9943,-0.0871,-0.0619,0,0.0869,0.9962,-0.007,0,0.0623,0.0016,0.9981,0,0,0.43,3.4318,1]},
{"frame":123,"values":[0.9971,-0.0511,-0.0569,0,0.051,0.9987,-0.0034,0,0.057,0.0005,0.9984,0,0,0.43,3.4318,1]},
{"frame":124,"values":[0.9989,-0.014,-0.0458,0,0.014,0.9999,-0.0007,0,0.0458,0.0001,0.999,0,0,0.43,3.4318,1]},
{"frame":125,"values":[0.9992,0,-0.0405,0,0,1,0,0,0.0405,0,0.9992,0,0,0.43,3.4318,1]}],"loopBehavior":1,"name":"anim","property":"_matrix"}},
{"name":"arm_pole_l","index":13,"matrix":[1,0,0,0,0,1,0,0,0,0,1,0,3.8,3.4,-0.3,1],"rest":[1,0,0,0,0,1,0,0,0,0,1,0,3.8,3.4,-0.3,1],"parentBoneIndex":12,"length":1
,"animation":{"dataType":3,"framePerSecond":24,"keys":[
{"frame":1,"values":[1,0,0,0,0,1,0,0,0,0,1,0,4.354,0.3807,-0.0016,1]},
{"frame":15,"values":[1,0,0,0,0,1,0,0,0,0,1,0,4.354,0.3807,-0.0016,1]},
{"frame":21,"values":[1,0,0,0,0,1,0,0,0,0,1,0,4.354,0.3807,-0.0016,1]},
{"frame":39,"values":[1,0,0,0,0,1,0,0,0,0,1,0,4.354,0.3807,-0.0016,1]},
{"frame":51,"values":[1,0,0,0,0,1,0,0,0,0,1,0,4.354,0.3807,-0.0016,1]},
{"frame":62,"values":[1,0,0,0,0,1,0,0,0,0,1,0,4.354,0.3807,-0.0016,1]},
{"frame":71,"values":[1,0,0,0,0,1,0,0,0,0,1,0,4.354,0.3807,-0.0016,1]},
{"frame":76,"values":[1,0,0,0,0,1,0,0,0,0,1,0,4.4757,0.258,0.0252,1]},
{"frame":77,"values":[1,0,0,0,0,1,0,0,0,0,1,0,4.7917,-0.0606,0.0954,1]},
{"frame":78,"values":[1,0,0,0,0,1,0,0,0,0,1,0,5.1065,-0.378,0.1656,1]},
