{"producer":{"name":"Blender","version":"2.79 (sub 0)","exporter_version":"5.4.2","file":"babylonjs.babylon"},
"autoClear":true,"clearColor":[0.0509,0.0509,0.0509],"ambientColor":[0,0,0],"gravity":[0,-9.81,0],
"materials":[{"name":"babylonjs.Material.003","id":"babylonjs.Material.003","ambient":[0.8,0.8,0.8],"diffuse":[0.64,0.64,0.64],"specular":[0.5,0.5,0.5],"emissive":[0,0,0],"specularPower":50,"alpha":1,"backFaceCulling":true,"checkReadyOnlyOnce":false,"maxSimultaneousLights":4, 
"diffuseTexture":{"name":"female_mage_texture.png","level":1,"hasAlpha":1,"coordinatesMode":0,"uOffset":0,"vOffset":0,"uScale":1,"vScale":1,"uAng":0,"vAng":0,"wAng":0,"wrapU":1,"wrapV":1,"coordinatesIndex":0}}],
"multiMaterials":[],
"skeletons":[{"name":"Armature","id":0,"dimensionsAtRest":[16.2149,18.1622,12.5839],"bones":[
{"name":"global","index":0,"matrix":[1,0,0,0,0,1,0,0,0,0,-1,0,0,-11.05,0.1,1],"rest":[1,0,0,0,0,1,0,0,0,0,-1,0,0,-11.05,0.1,1],"parentBoneIndex":-1,"length":2
,"animation":{"dataType":3,"framePerSecond":24,"keys":[
{"frame":1,"values":[1,0,0,0,0,1,0,0,0,0,-1,0,0,-11.05,0.1,1]},
{"frame":41,"values":[1,0,0,0,0,1,0,0,0,0,-1,0,0,-9.6501,0.1,1]},
{"frame":42,"values":[1,0,0,0,0,1,0,0,0,0,-1,0,0,-7.2922,0.1,1]},
{"frame":43,"values":[1,0,0,0,0,1,0,0,0,0,-1,0,0,-6.05,0.1,1]},
{"frame":44,"values":[1,0,0,0,0,1,0,0,0,0,-1,0,0,-6.2102,0.1,1]},
{"frame":45,"values":[1,0,0,0,0,1,0,0,0,0,-1,0,0,-6.6594,0.1,1]},
{"frame":46,"values":[1,0,0,0,0,1,0,0,0,0,-1,0,0,-7.4837,0.1,1]},
{"frame":47,"values":[1,0,0,0,0,1,0,0,0,0,-1,0,0,-9.5415,0.1,1]},
{"frame":48,"values":[1,0,0,0,0,1,0,0,0,0,-1,0,0,-11.05,0.1,1]},
{"frame":65,"values":[1,0,0,0,0,1,0,0,0,0,-1,0,0,-11.05,0.1,1]},
{"frame":71,"values":[1,0,0,0,0,1,0,0,0,0,-1,0,0,-11.05,0.1,1]},
{"frame":99,"values":[1,0,0,0,0,1,0,0,0,0,-1,0,0,-11.05,0.1,1]},
{"frame":111,"values":[1,0,0,0,0,1,0,0,0,0,-1,0,0,-11.05,0.1,1]},
{"frame":124,"values":[1,0,0,0,0,1,0,0,0,0,-1,0,0,-11.05,0.1,1]},
{"frame":131,"values":[1,0,0,0,0,1,0,0,0,0,-1,0,0,-11.05,0.1,1]},
{"frame":151,"values":[1,0,0,0,0,1,0,0,0,0,-1,0,0,-11.05,0.1,1]},
{"frame":161,"values":[1,0,0,0,0,1,0,0,0,0,-1,0,0,-11.05,0.1,1]},
{"frame":185,"values":[1,0,0,0,0,1,0,0,0,0,-1,0,0,-11.05,0.1,1]}],"loopBehavior":1,"name":"anim","property":"_matrix"}},
{"name":"knee_pole_l","index":1,"matrix":[-1,0,0,0,0,0,1,0,0,1,0,0,2.5649,5.9,2.5178,1],"rest":[-1,0,0,0,0,0,1,0,0,1,0,0,0.8566,5.9,5.3526,1],"parentBoneIndex":0,"length":1.3
,"animation":{"dataType":3,"framePerSecond":24,"keys":[
{"frame":1,"values":[-1,0,0,0,0,0,1,0,0,1,0,0,2.5649,5.9,2.5178,1]},
{"frame":36,"values":[-1,0,0,0,0,0,1,0,0,1,0,0,2.6238,5.9,2.5178,1]},
{"frame":37,"values":[-1,0,0,0,0,0,1,0,0,1,0,0,2.8053,5.9,2.5178,1]},
{"frame":38,"values":[-1,0,0,0,0,0,1,0,0,1,0,0,3.0862,5.9,2.5178,1]},
{"frame":39,"values":[-1,0,0,0,0,0,1,0,0,1,0,0,3.4044,5.9,2.5178,1]},
{"frame":40,"values":[-1,0,0,0,0,0,1,0,0,1,0,0,3.697,5.9,2.5178,1]},
{"frame":41,"values":[-1,0,0,0,0,0,1,0,0,1,0,0,4.0597,5.8254,2.3787,1]},
{"frame":42,"values":[-1,0,0,0,0,0,1,0,0,1,0,0,4.459,5.6659,2.0824,1]},
{"frame":43,"values":[-1,0,0,0,0,0,1,0,0,1,0,0,4.6176,5.5912,1.9433,1]},
{"frame":47,"values":[-1,0,0,0,0,0,1,0,0,1,0,0,4.974,5.5912,2.7193,1]},
{"frame":48,"values":[-1,0,0,0,0,0,1,0,0,1,0,0,5.3266,5.5912,3.4833,1]},
{"frame":49,"values":[-1,0,0,0,0,0,1,0,0,1,0,0,4.7924,5.5912,3.3684,1]},
{"frame":50,"values":[-1,0,0,0,0,0,1,0,0,1,0,0,4.2425,5.5912,3.2587,1]},
{"frame":56,"values":[-1,0,0,0,0,0,1,0,0,1,0,0,4.2052,5.5981,3.2422,1]},
{"frame":57,"values":[-1,0,0,0,0,0,1,0,0,1,0,0,4.0933,5.6187,3.1928,1]},
{"frame":58,"values":[-1,0,0,0,0,0,1,0,0,1,0,0,3.9121,5.6522,3.1125,1]},
{"frame":59,"values":[-1,0,0,0,0,0,1,0,0,1,0,0,3.6757,5.696,3.0075,1]},
{"frame":60,"values":[-1,0,0,0,0,0,1,0,0,1,0,0,3.4078,5.7456,2.8886,1]},
{"frame":61,"values":[-1,0,0,0,0,0,1,0,0,1,0,0,3.1391,5.7952,2.7696,1]},
{"frame":62,"values":[-1,0,0,0,0,0,1,0,0,1,0,0,2.9005,5.839,2.6644,1]},
{"frame":63,"values":[-1,0,0,0,0,0,1,0,0,1,0,0,2.7168,5.8725,2.5839,1]},
{"frame":64,"values":[-1,0,0,0,0,0,1,0,0,1,0,0,2.6029,5.8931,2.5343,1]},
{"frame":65,"values":[-1,0,0,0,0,0,1,0,0,1,0,0,2.5649,5.9,2.5178,1]},
{"frame":71,"values":[-1,0,0,0,0,0,1,0,0,1,0,0,2.5649,5.9,2.5178,1]},
{"frame":85,"values":[-1,0,0,0,0,0,1,0,0,1,0,0,2.4277,5.9,2.7063,1]},
{"frame":86,"values":[-1,0,0,0,0,0,1,0,0,1,0,0,2.046,5.9,3.238,1]},
{"frame":87,"values":[-1,0,0,0,0,0,1,0,0,1,0,0,1.5594,5.9,3.9755,1]},
{"frame":88,"values":[-1,0,0,0,0,0,1,0,0,1,0,0,1.179,5.9,4.6995,1]},
{"frame":89,"values":[-1,0,0,0,0,0,1,0,0,1,0,0,1.0426,5.9,5.2178,1]},
{"frame":90,"values":[-1,0,0,0,0,0,1,0,0,1,0,0,1.044,5.9,5.5002,1]},
{"frame":91,"values":[-1,0,0,0,0,0,1,0,0,1,0,0,1.0564,5.9,5.6392,1]},
{"frame":92,"values":[-1,0,0,0,0,0,1,0,0,1,0,0,1.0943,5.9,5.7353,1]},
{"frame":93,"values":[-1,0,0,0,0,0,1,0,0,1,0,0,1.1688,5.9,5.9133,1]},
{"frame":94,"values":[-1,0,0,0,0,0,1,0,0,1,0,0,1.2796,5.9,6.2797,1]},
{"frame":95,"values":[-1,0,0,0,0,0,1,0,0,1,0,0,1.7486,4.3835,6.9522,1]},
{"frame":96,"values":[-1,0,0,0,0,0,1,0,0,1,0,0,2.5592,1.7881,7.8181,1]},
{"frame":97,"values":[-1,0,0,0,0,0,1,0,0,1,0,0,2.9265,-1.0433,8.5499,1]},
{"frame":98,"values":[-1,0,0,0,0,0,1,0,0,1,0,0,2.183,-3.8311,9.0662,1]},
{"frame":99,"values":[-1,0,0,0,0,0,1,0,0,1,0,0,1.2796,-6.1,9.2797,1]},
{"frame":111,"values":[-1,0,0,0,0,0,1,0,0,1,0,0,2.5649,5.9,2.5178,1]},
{"frame":124,"values":[-1,0,0,0,0,0,1,0,0,1,0,0,2.5649,5.9,2.5178,1]},
{"frame":131,"values":[-1,0,0,0,0,0,1,0,0,1,0,0,2.5649,5.9,2.5178,1]},
{"frame":151,"values":[-1,0,0,0,0,0,1,0,0,1,0,0,2.5649,5.9,2.5178,1]},
{"frame":161,"values":[-1,0,0,0,0,0,1,0,0,1,0,0,0.8566,5.9,5.3526,1]},
{"frame":185,"values":[-1,0,0,0,0,0,1,0,0,1,0,0,0.8566,5.9,5.3526,1]}],"loopBehavior":1,"name":"anim","property":"_matrix"}},
{"name":"knee_pole_r","index":2,"matrix":[-1,0,0,0,0,0,1,0,0,1,0,0,-0.8566,5.9,5.3526,1],"rest":[-1,0,0,0,0,0,1,0,0,1,0,0,-0.8566,5.9,5.3526,1],"parentBoneIndex":0,"length":1.3
,"animation":{"dataType":3,"framePerSecond":24,"keys":[
{"frame":1,"values":[-1,0,0,0,0,0,1,0,0,1,0,0,-0.8566,5.9,5.3526,1]},
{"frame":31,"values":[-1,0,0,0,0,0,1,0,0,1,0,0,-0.5773,5.9,5.3526,1]},
{"frame":32,"values":[-1,0,0,0,0,0,1,0,0,1,0,0,0.1728,5.9,5.3526,1]},
{"frame":33,"values":[-1,0,0,0,0,0,1,0,0,1,0,0,1.1141,5.9,5.3526,1]},
{"frame":34,"values":[-1,0,0,0,0,0,1,0,0,1,0,0,1.8641,5.9,5.3526,1]},
{"frame":35,"values":[-1,0,0,0,0,0,1,0,0,1,0,0,2.1434,5.9,5.3526,1]},
{"frame":56,"values":[-1,0,0,0,0,0,1,0,0,1,0,0,2.0761,5.9,5.3526,1]},
{"frame":57,"values":[-1,0,0,0,0,0,1,0,0,1,0,0,1.8762,5.9,5.3526,1]},
{"frame":58,"values":[-1,0,0,0,0,0,1,0,0,1,0,0,1.555,5.9,5.3526,1]},
{"frame":59,"values":[-1,0,0,0,0,0,1,0,0,1,0,0,1.138,5.9,5.3526,1]},
{"frame":60,"values":[-1,0,0,0,0,0,1,0,0,1,0,0,0.6655,5.9,5.3526,1]},
{"frame":61,"values":[-1,0,0,0,0,0,1,0,0,1,0,0,0.1886,5.9,5.3526,1]},
{"frame":62,"values":[-1,0,0,0,0,0,1,0,0,1,0,0,-0.2396,5.9,5.3526,1]},
{"frame":63,"values":[-1,0,0,0,0,0,1,0,0,1,0,0,-0.5744,5.9,5.3526,1]},
{"frame":64,"values":[-1,0,0,0,0,0,1,0,0,1,0,0,-0.7851,5.9,5.3526,1]},
{"frame":65,"values":[-1,0,0,0,0,0,1,0,0,1,0,0,-0.8566,5.9,5.3526,1]},
{"frame":71,"values":[-1,0,0,0,0,0,1,0,0,1,0,0,-0.8566,5.9,5.3526,1]},
{"frame":90,"values":[-1,0,0,0,0,0,1,0,0,1,0,0,-0.7413,5.9,5.7152,1]},
{"frame":91,"values":[-1,0,0,0,0,0,1,0,0,1,0,0,-0.4204,5.9,6.6717,1]},
{"frame":92,"values":[-1,0,0,0,0,0,1,0,0,1,0,0,-0.0093,5.9,7.848,1]},
{"frame":93,"values":[-1,0,0,0,0,0,1,0,0,1,0,0,0.3147,5.9,8.7723,1]},
{"frame":94,"values":[-1,0,0,0,0,0,1,0,0,1,0,0,0.4316,5.9,9.1145,1]},
{"frame":95,"values":[-1,0,0,0,0,0,1,0,0,1,0,0,-0.029,4.3835,8.9499,1]},
{"frame":96,"values":[-1,0,0,0,0,0,1,0,0,1,0,0,-0.9973,1.7881,8.5981,1]},
{"frame":97,"values":[-1,0,0,0,0,0,1,0,0,1,0,0,-1.4549,-1.0433,8.3847,1]},
{"frame":98,"values":[-1,0,0,0,0,0,1,0,0,1,0,0,-0.6189,-3.8311,10.0316,1]},
{"frame":99,"values":[-1,0,0,0,0,0,1,0,0,1,0,0,0.4316,-6.1,12.1145,1]},
{"frame":111,"values":[-1,0,0,0,0,0,1,0,0,1,0,0,-0.8566,5.9,5.3526,1]},
{"frame":124,"values":[-1,0,0,0,0,0,1,0,0,1,0,0,-0.8566,5.9,5.3526,1]},
{"frame":131,"values":[-1,0,0,0,0,0,1,0,0,1,0,0,-0.8566,5.9,5.3526,1]},
{"frame":151,"values":[-1,0,0,0,0,0,1,0,0,1,0,0,-0.8566,5.9,5.3526,1]},
{"frame":161,"values":[-1,0,0,0,0,0,1,0,0,1,0,0,-0.8566,5.9,5.3526,1]},
{"frame":185,"values":[-1,0,0,0,0,0,1,0,0,1,0,0,-0.8566,5.9,5.3526,1]}],"loopBehavior":1,"name":"anim","property":"_matrix"}},
{"name":"foot_ctrl_l","index":3,"matrix":[0.9063,0,-0.4226,0,-0.4226,0,-0.9063,0,0,1,0,0,1,0.1655,-1.262,1],"rest":[1,0,0,0,0,0,-1,0,0,1,0,0,1,0.1655,-0.262,1],"parentBoneIndex":0,"length":1.2
,"animation":{"dataType":3,"framePerSecond":24,"keys":[
{"frame":1,"values":[0.9063,0,-0.4226,0,-0.4226,0,-0.9063,0,0,1,0,0,1,0.1655,-1.262,1]},
{"frame":2,"values":[0.9063,0.0199,-0.4222,0,-0.4226,0.0426,-0.9053,0,0,0.9989,0.0471,0,1,0.263,-1.558,1]},
{"frame":3,"values":[0.9063,0.0623,-0.418,0,-0.4226,0.1335,-0.8964,0,0,0.9891,0.1473,0,1,0.4693,-2.191,1]},
{"frame":4,"values":[0.9063,0.0818,-0.4146,0,-0.4226,0.1755,-0.8892,0,0,0.9811,0.1937,0,1,0.5655,-2.66,1]},
{"frame":5,"values":[0.9063,0.0623,-0.418,0,-0.4226,0.1335,-0.8964,0,0,0.9891,0.1473,0,1,0.469,-2.8698,1]},
{"frame":6,"values":[0.9063,0.0199,-0.4222,0,-0.4226,0.0426,-0.9053,0,0,0.9989,0.047,0,1,0.2624,-2.9523,1]},
{"frame":7,"values":[0.9063,0,-0.4226,0,-0.4226,0,-0.9063,0,0,1,0,0,1,0.1655,-2.962,1]},
{"frame":31,"values":[0.8823,0,-0.4706,0,-0.4706,0,-0.8823,0,0,1,0,0,1,0.1655,-3.0515,1]},
{"frame":32,"values":[0.8004,0,-0.5995,0,-0.5995,0,-0.8004,0,0,1,0,0,1,0.1655,-3.3025,1]},
{"frame":33,"values":[0.667,0,-0.7451,0,-0.7451,0,-0.667,0,0,1,0,0,1,0.1655,-3.6235,1]},
{"frame":34,"values":[0.5458,0,-0.8379,0,-0.8379,0,-0.5458,0,0,1,0,0,1,0.1655,-3.8732,1]},
{"frame":35,"values":[0.5,0,-0.866,0,-0.866,0,-0.5,0,0,1,0,0,1,0.1655,-3.962,1]},
{"frame":36,"values":[0.5,0,-0.866,0,-0.866,0,-0.5,0,0,1,0,0,1,0.1655,-3.9309,1]},
{"frame":37,"values":[0.5,0,-0.866,0,-0.866,0,-0.5,0,0,1,0,0,1,0.1655,-3.8215,1]},
{"frame":38,"values":[0.5,0,-0.866,0,-0.866,0,-0.5,0,0,1,0,0,1,0.1655,-3.6161,1]},
{"frame":39,"values":[0.5,0,-0.866,0,-0.866,0,-0.5,0,0,1,0,0,1,0.1655,-3.3203,1]},
{"frame":40,"values":[0.5,0,-0.866,0,-0.866,0,-0.5,0,0,1,0,0,1,0.1655,-2.962,1]},
{"frame":41,"values":[0.534,0.0169,-0.8453,0,-0.8217,0.2457,-0.5142,0,0.199,0.9692,0.1451,0,0.991,0.1885,-2.3547,1]},
{"frame":42,"values":[0.6117,0.0167,-0.7909,0,-0.559,0.7165,-0.4172,0,0.5598,0.6974,0.4476,0,0.9716,0.3269,-1.6087,1]},
{"frame":43,"values":[0.6428,0,-0.766,0,-0.383,0.866,-0.3214,0,0.6634,0.5,0.5567,0,0.9626,0.6528,-1.2894,1]},
{"frame":44,"values":[0.6428,0,-0.766,0,-0.383,0.866,-0.3214,0,0.6634,0.5,0.5567,0,0.9626,1.1755,-1.2894,1]},
{"frame":45,"values":[0.6428,0,-0.766,0,-0.383,0.866,-0.3214,0,0.6634,0.5,0.5567,0,0.9626,1.8708,-1.2894,1]},
{"frame":46,"values":[0.6428,0,-0.766,0,-0.383,0.866,-0.3214,0,0.6634,0.5,0.5567,0,0.9626,2.6528,-1.2894,1]},
{"frame":47,"values":[0.8327,0.1664,-0.5281,0,-0.4241,0.8049,-0.4151,0,0.356,0.5696,0.7408,0,1.701,3.7656,-1.1625,1]},
{"frame":48,"values":[0.9063,0.3462,-0.2424,0,-0.4226,0.7424,-0.5198,0,0,0.5736,0.8192,0,2.4035,4.4727,-1.0356,1]},
{"frame":49,"values":[0.7047,0.2718,-0.6554,0,-0.7044,0.3792,-0.6001,0,0.0854,0.8845,0.4587,0,1.4991,2.4704,-1.3124,1]},
{"frame":50,"values":[0.4226,0,-0.9063,0,-0.9063,0,-0.4226,0,0,1,0,0,0.5163,0.1655,-1.5909,1]},
{"frame":56,"values":[0.4363,0,-0.8998,0,-0.8998,0,-0.4363,0,0,1,0,0,0.527,0.1655,-1.5836,1]},
{"frame":57,"values":[0.4772,0,-0.8788,0,-0.8788,0,-0.4772,0,0,1,0,0,0.5593,0.1655,-1.5616,1]},
{"frame":58,"values":[0.5419,0,-0.8404,0,-0.8404,0,-0.5419,0,0,1,0,0,0.6118,0.1655,-1.526,1]},
{"frame":59,"values":[0.6226,0,-0.7825,0,-0.7825,0,-0.6226,0,0,1,0,0,0.6803,0.1655,-1.4793,1]},
{"frame":60,"values":[0.7071,0,-0.7071,0,-0.7071,0,-0.7071,0,0,1,0,0,0.7581,0.1655,-1.4265,1]},
{"frame":61,"values":[0.7824,0,-0.6227,0,-0.6227,0,-0.7824,0,0,1,0,0,0.8358,0.1655,-1.3736,1]},
{"frame":62,"values":[0.8404,0,-0.542,0,-0.542,0,-0.8404,0,0,1,0,0,0.9044,0.1655,-1.3269,1]},
{"frame":63,"values":[0.8788,0,-0.4772,0,-0.4772,0,-0.8788,0,0,1,0,0,0.9569,0.1655,-1.2912,1]},
{"frame":64,"values":[0.8998,0,-0.4363,0,-0.4363,0,-0.8998,0,0,1,0,0,0.9893,0.1655,-1.2693,1]},
{"frame":65,"values":[0.9063,0,-0.4226,0,-0.4226,0,-0.9063,0,0,1,0,0,1,0.1655,-1.262,1]},
{"frame":71,"values":[0.9063,0,-0.4226,0,-0.4226,0,-0.9063,0,0,1,0,0,1,0.1655,-1.262,1]},
{"frame":75,"values":[0.9053,0,-0.4247,0,-0.4247,0,-0.9053,0,0,1,0,0,1,0.1994,-1.262,1]},
{"frame":76,"values":[0.9019,0,-0.4319,0,-0.4319,0,-0.9019,0,0,1,0,0,1,0.2977,-1.262,1]},
{"frame":77,"values":[0.8954,0,-0.4453,0,-0.4453,0,-0.8954,0,0,1,0,0,1,0.4389,-1.262,1]},
{"frame":78,"values":[0.8857,0,-0.4643,0,-0.4643,0,-0.8857,0,0,1,0,0,1,0.5801,-1.262,1]},
{"frame":79,"values":[0.8734,0,-0.4871,0,-0.4871,0,-0.8734,0,0,1,0,0,1,0.6783,-1.262,1]},
{"frame":80,"values":[0.8593,0,-0.5114,0,-0.5114,0,-0.8593,0,0,1,0,0,1,0.7121,-1.262,1]},
{"frame":81,"values":[0.8378,0,-0.546,0,-0.546,0,-0.8378,0,0,1,0,0,1,0.6292,-1.7002,1]},
{"frame":82,"values":[0.8055,0,-0.5926,0,-0.5926,0,-0.8055,0,0,1,0,0,1,0.4124,-2.762,1]},
{"frame":83,"values":[0.7767,0,-0.6299,0,-0.6299,0,-0.7767,0,0,1,0,0,1,0.1954,-3.8237,1]},
{"frame":84,"values":[0.766,0,-0.6428,0,-0.6428,0,-0.766,0,0,1,0,0,1,0.1121,-4.262,1]},
{"frame":95,"values":[0.7585,0.0647,-0.6484,0,-0.6515,0.0543,-0.7567,0,-0.0138,0.9964,0.0834,0,1,0.1151,-4.6373,1]},
{"frame":96,"values":[0.7243,0.2724,-0.6334,0,-0.6874,0.2138,-0.6941,0,-0.0537,0.9381,0.3421,0,1,0.1228,-5.4558,1]},
{"frame":97,"values":[0.6574,0.5311,-0.5346,0,-0.7485,0.3779,-0.545,0,-0.0874,0.7584,0.6459,0,1,0.1298,-5.9743,1]},
{"frame":98,"values":[0.5099,0.8273,-0.2358,0,-0.8579,0.4689,-0.2103,0,-0.0635,0.3095,0.9488,0,1,0.1358,-6.1057,1]},
{"frame":99,"values":[0.4226,0.9063,0,0,-0.9063,0.4226,0,0,0,0,1,0,1,0.1388,-6.1236,1]},
{"frame":111,"values":[0.9063,0,-0.4226,0,-0.4226,0,-0.9063,0,0,1,0,0,1,0.1655,-1.262,1]},
{"frame":124,"values":[0.9063,0,-0.4226,0,-0.4226,0,-0.9063,0,0,1,0,0,1,0.1655,-1.262,1]},
{"frame":131,"values":[0.9063,0,-0.4226,0,-0.4226,0,-0.9063,0,0,1,0,0,1,0.1655,-1.262,1]},
{"frame":151,"values":[0.9063,0,-0.4226,0,-0.4226,0,-0.9063,0,0,1,0,0,1,0.1655,-1.262,1]},
{"frame":161,"values":[1,0,0,0,0,-0.2588,-0.9659,0,0,0.9659,-0.2588,0,1,0.1655,2.0945,1]},
{"frame":162,"values":[1,0,0,0,0,-0.1973,-0.9803,0,0,0.9803,-0.1973,0,1,0.1655,1.9487,1]},
{"frame":163,"values":[1,0,0,0,0,-0.0631,-0.998,0,0,0.998,-0.0631,0,1,0.1655,1.5674,1]},
{"frame":164,"values":[1,0,0,0,0,0,-1,0,0,1,0,0,1,0.1655,1.148,1]},
{"frame":165,"values":[1,0,0,0,0,0,-1,0,0,1,0,0,1,0.1655,0.7511,1]},
{"frame":166,"values":[1,0,0,0,0,0,-1,0,0,1,0,0,1,0.1655,0.313,1]},
{"frame":167,"values":[1,0,0,0,0,0,-1,0,0,1,0,0,1,0.1655,-0.1394,1]},
{"frame":168,"values":[1,0,0,0,0,0,-1,0,0,1,0,0,1,0.1655,-0.6275,1]},
{"frame":169,"values":[1,0,0,0,0,0,-1,0,0,1,0,0,1,0.1655,-1.1307,1]},
{"frame":170,"values":[1,0,0,0,0,0,-1,0,0,1,0,0,1,0.1655,-1.5481,1]},
{"frame":171,"values":[1,0,0,0,0,0,-1,0,0,1,0,0,1,0.1655,-1.8556,1]},
{"frame":172,"values":[1,0,0,0,0,0,-1,0,0,1,0,0,1,0.1655,-2.0764,1]},
{"frame":173,"values":[1,0,0,0,0,0,-1,0,0,1,0,0,1,0.1655,-2.262,1]},
{"frame":174,"values":[1,0,0,0,0,0,-1,0,0,1,0,0,1,0.1655,-2.4584,1]},
{"frame":175,"values":[1,0,0,0,0,0,-1,0,0,1,0,0,1,0.1655,-2.6183,1]},
{"frame":176,"values":[1,0,0,0,0,0,-1,0,0,1,0,0,1,0.1655,-2.6719,1]},
{"frame":177,"values":[1,0,0,0,0,0.1463,-0.9892,0,0,0.9892,0.1463,0,1,0.4858,-2.6324,1]},
{"frame":178,"values":[1,0,0,0,0,0.4478,-0.8942,0,0,0.8942,0.4478,0,1,1.153,-2.4281,1]},
{"frame":179,"values":[1,0,0,0,0,0.5736,-0.8192,0,0,0.8192,0.5736,0,1,1.4656,-1.9326,1]},
{"frame":180,"values":[1,0,0,0,0,0.5407,-0.8412,0,0,0.8412,0.5407,0,1,1.3609,-0.9462,1]},
{"frame":181,"values":[1,0,0,0,0,0.4374,-0.8993,0,0,0.8993,0.4374,0,1,1.0858,0.3089,1]},
{"frame":182,"values":[1,0,0,0,0,0.3007,-0.9537,0,0,0.9537,0.3007,0,1,0.8156,1.3024,1]},
{"frame":183,"values":[1,0,0,0,0,0.0938,-0.9956,0,0,0.9956,0.0938,0,1,0.5466,1.813,1]},
{"frame":184,"values":[1,0,0,0,0,-0.1596,-0.9872,0,0,0.9872,-0.1596,0,1,0.2721,2.0425,1]},
{"frame":185,"values":[1,0,0,0,0,-0.2588,-0.9659,0,0,0.9659,-0.2588,0,1,0.1655,2.0945,1]}],"loopBehavior":1,"name":"anim","property":"_matrix"}},
{"name":"ball_ctrl_l","index":4,"matrix":[1,0,0,0,0,0.4011,0.916,0,0,-0.916,0.4011,0,0,-0.337,0.1062,1],"rest":[1,0,0,0,0,0.4011,0.916,0,0,-0.916,0.4011,0,0,-0.337,0.1062,1],"parentBoneIndex":3,"length":0.6858
,"animation":{"dataType":3,"framePerSecond":24,"keys":[
{"frame":1,"values":[1,0,0,0,0,0.4011,0.916,0,0,-0.916,0.4011,0,0,-0.337,0.1062,1]},
{"frame":65,"values":[1,0,0,0,0,0.4011,0.916,0,0,-0.916,0.4011,0,0,-0.337,0.1062,1]},
{"frame":71,"values":[1,0,0,0,0,0.4011,0.916,0,0,-0.916,0.4011,0,0,-0.337,0.1062,1]},
{"frame":99,"values":[1,0,0,0,0,0.4011,0.916,0,0,-0.916,0.4011,0,0,-0.337,0.1062,1]},
{"frame":111,"values":[1,0,0,0,0,0.4011,0.916,0,0,-0.916,0.4011,0,0,-0.337,0.1062,1]},
{"frame":124,"values":[1,0,0,0,0,0.4011,0.916,0,0,-0.916,0.4011,0,0,-0.337,0.1062,1]},
{"frame":131,"values":[1,0,0,0,0,0.4011,0.916,0,0,-0.916,0.4011,0,0,-0.337,0.1062,1]},
{"frame":151,"values":[1,0,0,0,0,0.4011,0.916,0,0,-0.916,0.4011,0,0,-0.337,0.1062,1]},
{"frame":161,"values":[1,0,0,0,0,0.4011,0.916,0,0,-0.916,0.4011,0,0,-0.337,0.1062,1]},
{"frame":174,"values":[1,0,0,0,0,0.1827,0.9832,0,0,-0.9832,0.1827,0,0,-0.337,0.1062,1]},
{"frame":175,"values":[1,0,0,0,0,-0.3138,0.9495,0,0,-0.9495,-0.3138,0,0,-0.337,0.1062,1]},
{"frame":176,"values":[1,0,0,0,0,-0.5203,0.854,0,0,-0.854,-0.5203,0,0,-0.337,0.1062,1]},
{"frame":177,"values":[1,0,0,0,0,-0.3138,0.9495,0,0,-0.9495,-0.3138,0,0,-0.337,0.1062,1]},
{"frame":178,"values":[1,0,0,0,0,0.1827,0.9832,0,0,-0.9832,0.1827,0,0,-0.337,0.1062,1]},
{"frame":179,"values":[1,0,0,0,0,0.4011,0.916,0,0,-0.916,0.4011,0,0,-0.337,0.1062,1]},
{"frame":185,"values":[1,0,0,0,0,0.4011,0.916,0,0,-0.916,0.4011,0,0,-0.337,0.1062,1]}],"loopBehavior":1,"name":"anim","property":"_matrix"}},
{"name":"ankle_l","index":5,"matrix":[0.9999,0.005,0.015,0,0.0117,-0.8738,-0.4861,0,0.0106,0.4862,-0.8738,0,0,0.6858,0,1],"rest":[0.9999,0.005,0.015,0,0.0117,-0.8738,-0.4861,0,0.0106,0.4862,-0.8738,0,0,0.6858,0,1],"parentBoneIndex":4,"length":0.3717
,"animation":{"dataType":3,"framePerSecond":24,"keys":[
{"frame":1,"values":[0.9999,0.005,0.015,0,0.0117,-0.8738,-0.4861,0,0.0106,0.4862,-0.8738,0,0,0.6858,0,1]},
{"frame":65,"values":[0.9999,0.005,0.015,0,0.0117,-0.8738,-0.4861,0,0.0106,0.4862,-0.8738,0,0,0.6858,0,1]},
{"frame":71,"values":[0.9999,0.005,0.015,0,0.0117,-0.8738,-0.4861,0,0.0106,0.4862,-0.8738,0,0,0.6858,0,1]},
{"frame":99,"values":[0.9999,0.005,0.015,0,0.0117,-0.8738,-0.4861,0,0.0106,0.4862,-0.8738,0,0,0.6858,0,1]},
{"frame":111,"values":[0.9999,0.005,0.015,0,0.0117,-0.8738,-0.4861,0,0.0106,0.4862,-0.8738,0,0,0.6858,0,1]},
{"frame":124,"values":[0.9999,0.005,0.015,0,0.0117,-0.8738,-0.4861,0,0.0106,0.4862,-0.8738,0,0,0.6858,0,1]},
{"frame":131,"values":[0.9999,0.005,0.015,0,0.0117,-0.8738,-0.4861,0,0.0106,0.4862,-0.8738,0,0,0.6858,0,1]},
{"frame":151,"values":[0.9999,0.005,0.015,0,0.0117,-0.8738,-0.4861,0,0.0106,0.4862,-0.8738,0,0,0.6858,0,1]},
{"frame":161,"values":[0.9999,0.005,0.015,0,0.0117,-0.8738,-0.4861,0,0.0106,0.4862,-0.8738,0,0,0.6858,0,1]},
{"frame":185,"values":[0.9999,0.005,0.015,0,0.0117,-0.8738,-0.4861,0,0.0106,0.4862,-0.8738,0,0,0.6858,0,1]}],"loopBehavior":1,"name":"anim","property":"_matrix"}},
{"name":"toe_ctrl_l","index":6,"matrix":[1,0,0,0,0,-0.9939,-0.1104,0,0,0.1104,-0.9939,0,0,-0.337,0.1062,1],"rest":[1,0,0,0,0,-0.9939,-0.1104,0,0,0.1104,-0.9939,0,0,-0.337,0.1062,1],"parentBoneIndex":3,"length":1.8111
,"animation":{"dataType":3,"framePerSecond":24,"keys":[
{"frame":1,"values":[1,0,0,0,0,-0.9939,-0.1104,0,0,0.1104,-0.9939,0,0,-0.337,0.1062,1]},
{"frame":65,"values":[1,0,0,0,0,-0.9939,-0.1104,0,0,0.1104,-0.9939,0,0,-0.337,0.1062,1]},
{"frame":71,"values":[1,0,0,0,0,-0.9939,-0.1104,0,0,0.1104,-0.9939,0,0,-0.337,0.1062,1]},
{"frame":99,"values":[1,0,0,0,0,-0.9939,-0.1104,0,0,0.1104,-0.9939,0,0,-0.337,0.1062,1]},
{"frame":111,"values":[1,0,0,0,0,-0.9939,-0.1104,0,0,0.1104,-0.9939,0,0,-0.337,0.1062,1]},
{"frame":124,"values":[1,0,0,0,0,-0.9939,-0.1104,0,0,0.1104,-0.9939,0,0,-0.337,0.1062,1]},
{"frame":131,"values":[1,0,0,0,0,-0.9939,-0.1104,0,0,0.1104,-0.9939,0,0,-0.337,0.1062,1]},
{"frame":151,"values":[1,0,0,0,0,-0.9939,-0.1104,0,0,0.1104,-0.9939,0,0,-0.337,0.1062,1]},
{"frame":161,"values":[1,0,0,0,0,-0.9939,-0.1104,0,0,0.1104,-0.9939,0,0,-0.337,0.1062,1]},
{"frame":185,"values":[1,0,0,0,0,-0.9939,-0.1104,0,0,0.1104,-0.9939,0,0,-0.337,0.1062,1]}],"loopBehavior":1,"name":"anim","property":"_matrix"}},
{"name":"foot_ctrl_r","index":7,"matrix":[0.9848,0,0.1736,0,0.1736,0,-0.9848,0,0,1,0,0,-2,0.1655,-0.262,1],"rest":[1,0,0,0,0,0,-1,0,0,1,0,0,-1,0.1655,-0.262,1],"parentBoneIndex":0,"length":1.2
,"animation":{"dataType":3,"framePerSecond":24,"keys":[
{"frame":1,"values":[0.9848,0,0.1736,0,0.1736,0,-0.9848,0,0,1,0,0,-2,0.1655,-0.262,1]},
{"frame":31,"values":[0.9927,0,0.1205,0,0.1205,0,-0.9927,0,0,1,0,0,-2,0.1655,-0.262,1]},
{"frame":32,"values":[0.9995,0,-0.032,0,-0.032,0,-0.9995,0,0,1,0,0,-2,0.1655,-0.262,1]},
{"frame":33,"values":[0.9737,0,-0.2277,0,-0.2277,0,-0.9737,0,0,1,0,0,-2,0.1655,-0.262,1]},
{"frame":34,"values":[0.9277,0,-0.3734,0,-0.3734,0,-0.9277,0,0,1,0,0,-2,0.1655,-0.262,1]},
{"frame":35,"values":[0.9063,0,-0.4226,0,-0.4226,0,-0.9063,0,0,1,0,0,-2,0.1655,-0.262,1]},
{"frame":41,"values":[0.9063,0.0874,-0.4135,0,-0.4226,0.1875,-0.8867,0,0.0001,0.9784,0.2069,0,-2,0.439,-0.3103,1]},
{"frame":42,"values":[0.9063,0.2606,-0.3327,0,-0.4226,0.5587,-0.7136,0,0,0.7874,0.6165,0,-2,1.1283,-0.4136,1]},
{"frame":43,"values":[0.9063,0.3237,-0.2717,0,-0.4226,0.6943,-0.5826,0,0,0.6428,0.766,0,-2,1.8655,-0.462,1]},
{"frame":44,"values":[0.9063,0.3237,-0.2717,0,-0.4226,0.6943,-0.5826,0,0,0.6428,0.766,0,-2,2.6808,-0.462,1]},
{"frame":45,"values":[0.9063,0.3237,-0.2717,0,-0.4226,0.6943,-0.5826,0,0,0.6428,0.766,0,-2,3.5164,-0.462,1]},
{"frame":46,"values":[0.9063,0.3237,-0.2717,0,-0.4226,0.6943,-0.5826,0,0,0.6428,0.766,0,-2,3.8655,-0.462,1]},
{"frame":47,"values":[0.9383,0.2353,-0.2534,0,-0.3456,0.6146,-0.7091,0,-0.0111,0.7529,0.658,0,-2,2.8257,0.638,1]},
{"frame":48,"values":[0.9659,0.1094,-0.2346,0,-0.2588,0.4082,-0.8754,0,0,0.9063,0.4226,0,-2,1.1655,1.738,1]},
{"frame":49,"values":[0.9665,0.0346,-0.2542,0,-0.2564,0.1507,-0.9547,0,0.0052,0.988,0.1545,0,-2,0.4298,1.738,1]},
{"frame":50,"values":[0.9659,0,-0.2588,0,-0.2588,0,-0.9659,0,0,1,0,0,-2,0.1655,1.738,1]},
{"frame":56,"values":[0.9684,0,-0.2495,0,-0.2495,0,-0.9684,0,0,1,0,0,-2,0.1655,1.6935,1]},
{"frame":57,"values":[0.9752,0,-0.2214,0,-0.2214,0,-0.9752,0,0,1,0,0,-2,0.1655,1.5601,1]},
{"frame":58,"values":[0.9845,0,-0.1751,0,-0.1751,0,-0.9845,0,0,1,0,0,-2,0.1655,1.3445,1]},
{"frame":59,"values":[0.9935,0,-0.1138,0,-0.1138,0,-0.9935,0,0,1,0,0,-2,0.1655,1.0634,1]},
{"frame":60,"values":[0.999,0,-0.0436,0,-0.0436,0,-0.999,0,0,1,0,0,-2,0.1655,0.7449,1]},
{"frame":61,"values":[0.9996,0,0.0267,0,0.0267,0,-0.9996,0,0,1,0,0,-2,0.1655,0.425,1]},
{"frame":62,"values":[0.9961,0,0.0886,0,0.0886,0,-0.9961,0,0,1,0,0,-2,0.1655,0.1404,1]},
{"frame":63,"values":[0.9908,0,0.1355,0,0.1355,0,-0.9908,0,0,1,0,0,-2,0.1655,-0.0795,1]},
{"frame":64,"values":[0.9864,0,0.1642,0,0.1642,0,-0.9864,0,0,1,0,0,-2,0.1655,-0.2161,1]},
{"frame":65,"values":[0.9848,0,0.1736,0,0.1736,0,-0.9848,0,0,1,0,0,-2,0.1655,-0.262,1]},
{"frame":71,"values":[0.9848,0,0.1736,0,0.1736,0,-0.9848,0,0,1,0,0,-2,0.1655,-0.262,1]},
{"frame":85,"values":[0.9848,0,0.1736,0,0.1736,0,-0.9848,0,0,1,0,0,-2,0.1655,-0.3042,1]},
{"frame":86,"values":[0.9848,0,0.1736,0,0.1736,0,-0.9848,0,0,1,0,0,-2,0.1655,-0.441,1]},
{"frame":87,"values":[0.9848,0,0.1736,0,0.1736,0,-0.9848,0,0,1,0,0,-2,0.1655,-0.6699,1]},
{"frame":88,"values":[0.9848,0,0.1736,0,0.1736,0,-0.9848,0,0,1,0,0,-2,0.1655,-0.9581,1]},
{"frame":89,"values":[0.9848,0,0.1736,0,0.1736,0,-0.9848,0,0,1,0,0,-2,0.1655,-1.262,1]},
{"frame":90,"values":[0.9848,0,0.1736,0,0.1736,0,-0.9848,0,0,1,0,0,-2,0.1655,-1.5577,1]},
{"frame":91,"values":[0.9848,0,0.1736,0,0.1736,0,-0.9848,0,0,1,0,0,-2,0.1655,-1.8655,1]},
{"frame":92,"values":[0.9848,0,0.1736,0,0.1736,0,-0.9848,0,0,1,0,0,-2,0.1655,-2.2238,1]},
{"frame":93,"values":[0.9848,0,0.1736,0,0.1736,0,-0.9848,0,0,1,0,0,-2,0.1655,-2.6763,1]},
{"frame":94,"values":[0.9848,0,0.1736,0,0.1736,0,-0.9848,0,0,1,0,0,-2,0.1655,-3.262,1]},
{"frame":95,"values":[0.9777,0.0032,0.21,0,0.2087,0.0975,-0.9731,0,-0.0236,0.9952,0.0947,0,-2,0.1626,-4.291,1]},
{"frame":96,"values":[0.9452,-0.019,0.326,0,0.3097,0.3686,-0.8765,0,-0.1035,0.9294,0.3543,0,-2,0.1549,-5.4749,1]},
{"frame":97,"values":[0.8799,-0.1119,0.4617,0,0.4213,0.633,-0.6495,0,-0.2196,0.766,0.6041,0,-2,0.1479,-6.0331,1]},
{"frame":98,"values":[0.6526,-0.6826,0.329,0,0.7535,0.6301,-0.1876,0,-0.0792,0.3703,0.9255,0,-2,0.1418,-6.0659,1]},
{"frame":99,"values":[0.342,-0.9397,0,0,0.9397,0.342,0,0,0,0,1,0,-2,0.1388,-6.0701,1]},
{"frame":111,"values":[0.9848,0,0.1736,0,0.1736,0,-0.9848,0,0,1,0,0,-2,0.1655,-0.262,1]},
{"frame":124,"values":[0.9848,0,0.1736,0,0.1736,0,-0.9848,0,0,1,0,0,-2,0.1655,-0.262,1]},
{"frame":131,"values":[0.9848,0,0.1736,0,0.1736,0,-0.9848,0,0,1,0,0,-2,0.1655,-0.262,1]},
{"frame":151,"values":[0.9848,0,0.1736,0,0.1736,0,-0.9848,0,0,1,0,0,-2,0.1655,-0.262,1]},
{"frame":161,"values":[1,0,0,0,0,0,-1,0,0,1,0,0,-1,0.1655,-2.262,1]},
{"frame":162,"values":[1,0,0,0,0,0,-1,0,0,1,0,0,-1,0.1655,-2.3618,1]},
{"frame":163,"values":[1,0,0,0,0,0,-1,0,0,1,0,0,-1,0.1655,-2.5732,1]},
{"frame":164,"values":[1,0,0,0,0,0,-1,0,0,1,0,0,-1,0.1655,-2.6719,1]},
{"frame":165,"values":[1,0,0,0,0,0.1463,-0.9892,0,0,0.9892,0.1463,0,-1,0.4858,-2.6324,1]},
{"frame":166,"values":[1,0,0,0,0,0.4478,-0.8942,0,0,0.8942,0.4478,0,-1,1.153,-2.4281,1]},
{"frame":167,"values":[1,0,0,0,0,0.5736,-0.8192,0,0,0.8192,0.5736,0,-1,1.4656,-1.9326,1]},
{"frame":168,"values":[1,0,0,0,0,0.5418,-0.8405,0,0,0.8405,0.5418,0,-1,1.3609,-0.9462,1]},
{"frame":169,"values":[1,0,0,0,0,0.4393,-0.8983,0,0,0.8983,0.4393,0,-1,1.0858,0.3089,1]},
{"frame":170,"values":[1,0,0,0,0,0.3007,-0.9537,0,0,0.9537,0.3007,0,-1,0.8156,1.3024,1]},
{"frame":171,"values":[1,0,0,0,0,0.0915,-0.9958,0,0,0.9958,0.0915,0,-1,0.5453,1.8163,1]},
{"frame":172,"values":[1,0,0,0,0,-0.1615,-0.9869,0,0,0.9869,-0.1615,0,-1,0.2702,2.0445,1]},
{"frame":173,"values":[1,0,0,0,0,-0.2588,-0.9659,0,0,0.9659,-0.2588,0,-1,0.1655,2.0945,1]},
{"frame":174,"values":[1,0,0,0,0,-0.1969,-0.9804,0,0,0.9804,-0.1969,0,-1,0.1655,1.9555,1]},
{"frame":175,"values":[1,0,0,0,0,-0.0631,-0.998,0,0,0.998,-0.0631,0,-1,0.1655,1.5726,1]},
{"frame":176,"values":[1,0,0,0,0,0,-1,0,0,1,0,0,-1,0.1655,1.148,1]},
{"frame":177,"values":[1,0,0,0,0,0,-1,0,0,1,0,0,-1,0.1655,0.7511,1]},
{"frame":178,"values":[1,0,0,0,0,0,-1,0,0,1,0,0,-1,0.1655,0.313,1]},
{"frame":179,"values":[1,0,0,0,0,0,-1,0,0,1,0,0,-1,0.1655,-0.1394,1]},
{"frame":180,"values":[1,0,0,0,0,0,-1,0,0,1,0,0,-1,0.1655,-0.6275,1]},
{"frame":181,"values":[1,0,0,0,0,0,-1,0,0,1,0,0,-1,0.1655,-1.1307,1]},
{"frame":182,"values":[1,0,0,0,0,0,-1,0,0,1,0,0,-1,0.1655,-1.5481,1]},
{"frame":183,"values":[1,0,0,0,0,0,-1,0,0,1,0,0,-1,0.1655,-1.9017,1]},
{"frame":184,"values":[1,0,0,0,0,0,-1,0,0,1,0,0,-1,0.1655,-2.1711,1]},
{"frame":185,"values":[1,0,0,0,0,0,-1,0,0,1,0,0,-1,0.1655,-2.262,1]}],"loopBehavior":1,"name":"anim","property":"_matrix"}},
{"name":"ball_ctrl_r","index":8,"matrix":[1,0,0,0,0,0.4011,0.916,0,0,-0.916,0.4011,0,0,-0.337,0.1062,1],"rest":[1,0,0,0,0,0.4011,0.916,0,0,-0.916,0.4011,0,0,-0.337,0.1062,1],"parentBoneIndex":7,"length":0.6858
,"animation":{"dataType":3,"framePerSecond":24,"keys":[
{"frame":1,"values":[1,0,0,0,0,0.4011,0.916,0,0,-0.916,0.4011,0,0,-0.337,0.1062,1]},
{"frame":41,"values":[1,0,0,0,0,0.2404,0.9707,0,0,-0.9707,0.2404,0,0,-0.337,0.1062,1]},
{"frame":42,"values":[1,0,0,0,0,-0.1257,0.9921,0,0,-0.9921,-0.1257,0,0,-0.337,0.1062,1]},
{"frame":43,"values":[1,0,0,0,0,-0.2916,0.9565,0,0,-0.9565,-0.2916,0,0,-0.337,0.1062,1]},
{"frame":47,"values":[1,0,0,0,0,0.0584,0.9983,0,0,-0.9983,0.0584,0,0,-0.337,0.1062,1]},
{"frame":48,"values":[1,0,0,0,0,0.4011,0.916,0,0,-0.916,0.4011,0,0,-0.337,0.1062,1]},
{"frame":65,"values":[1,0,0,0,0,0.4011,0.916,0,0,-0.916,0.4011,0,0,-0.337,0.1062,1]},
{"frame":71,"values":[1,0,0,0,0,0.4011,0.916,0,0,-0.916,0.4011,0,0,-0.337,0.1062,1]},
{"frame":99,"values":[1,0,0,0,0,0.4011,0.916,0,0,-0.916,0.4011,0,0,-0.337,0.1062,1]},
{"frame":111,"values":[1,0,0,0,0,0.4011,0.916,0,0,-0.916,0.4011,0,0,-0.337,0.1062,1]},
{"frame":124,"values":[1,0,0,0,0,0.4011,0.916,0,0,-0.916,0.4011,0,0,-0.337,0.1062,1]},
{"frame":131,"values":[1,0,0,0,0,0.4011,0.916,0,0,-0.916,0.4011,0,0,-0.337,0.1062,1]},
{"frame":151,"values":[1,0,0,0,0,0.4011,0.916,0,0,-0.916,0.4011,0,0,-0.337,0.1062,1]},
{"frame":161,"values":[1,0,0,0,0,0.4011,0.916,0,0,-0.916,0.4011,0,0,-0.337,0.1062,1]},
{"frame":162,"values":[1,0,0,0,0,0.1808,0.9835,0,0,-0.9835,0.1808,0,0,-0.337,0.1062,1]},
{"frame":163,"values":[1,0,0,0,0,-0.3146,0.9492,0,0,-0.9492,-0.3146,0,0,-0.337,0.1062,1]},
{"frame":164,"values":[1,0,0,0,0,-0.5203,0.854,0,0,-0.854,-0.5203,0,0,-0.337,0.1062,1]},
{"frame":165,"values":[1,0,0,0,0,-0.3138,0.9495,0,0,-0.9495,-0.3138,0,0,-0.337,0.1062,1]},
{"frame":166,"values":[1,0,0,0,0,0.1827,0.9832,0,0,-0.9832,0.1827,0,0,-0.337,0.1062,1]},
{"frame":167,"values":[1,0,0,0,0,0.4011,0.916,0,0,-0.916,0.4011,0,0,-0.337,0.1062,1]},
{"frame":185,"values":[1,0,0,0,0,0.4011,0.916,0,0,-0.916,0.4011,0,0,-0.337,0.1062,1]}],"loopBehavior":1,"name":"anim","property":"_matrix"}},
{"name":"ankle_r","index":9,"matrix":[0.9999,-0.005,-0.015,0,-0.0117,-0.8738,-0.4861,0,-0.0106,0.4862,-0.8738,0,0,0.6858,0,1],"rest":[0.9999,-0.005,-0.015,0,-0.0117,-0.8738,-0.4861,0,-0.0106,0.4862,-0.8738,0,0,0.6858,0,1],"parentBoneIndex":8,"length":0.3717
,"animation":{"dataType":3,"framePerSecond":24,"keys":[
{"frame":1,"values":[0.9999,-0.005,-0.015,0,-0.0117,-0.8738,-0.4861,0,-0.0106,0.4862,-0.8738,0,0,0.6858,0,1]},
{"frame":65,"values":[0.9999,-0.005,-0.015,0,-0.0117,-0.8738,-0.4861,0,-0.0106,0.4862,-0.8738,0,0,0.6858,0,1]},
{"frame":71,"values":[0.9999,-0.005,-0.015,0,-0.0117,-0.8738,-0.4861,0,-0.0106,0.4862,-0.8738,0,0,0.6858,0,1]},
{"frame":99,"values":[0.9999,-0.005,-0.015,0,-0.0117,-0.8738,-0.4861,0,-0.0106,0.4862,-0.8738,0,0,0.6858,0,1]},
{"frame":111,"values":[0.9999,-0.005,-0.015,0,-0.0117,-0.8738,-0.4861,0,-0.0106,0.4862,-0.8738,0,0,0.6858,0,1]},
{"frame":124,"values":[0.9999,-0.005,-0.015,0,-0.0117,-0.8738,-0.4861,0,-0.0106,0.4862,-0.8738,0,0,0.6858,0,1]},
{"frame":131,"values":[0.9999,-0.005,-0.015,0,-0.0117,-0.8738,-0.4861,0,-0.0106,0.4862,-0.8738,0,0,0.6858,0,1]},
{"frame":151,"values":[0.9999,-0.005,-0.015,0,-0.0117,-0.8738,-0.4861,0,-0.0106,0.4862,-0.8738,0,0,0.6858,0,1]},
{"frame":161,"values":[0.9999,-0.005,-0.015,0,-0.0117,-0.8738,-0.4861,0,-0.0106,0.4862,-0.8738,0,0,0.6858,0,1]},
{"frame":185,"values":[0.9999,-0.005,-0.015,0,-0.0117,-0.8738,-0.4861,0,-0.0106,0.4862,-0.8738,0,0,0.6858,0,1]}],"loopBehavior":1,"name":"anim","property":"_matrix"}},
{"name":"toe_ctrl_r","index":10,"matrix":[1,0,0,0,0,-0.9939,-0.1104,0,0,0.1104,-0.9939,0,0,-0.337,0.1062,1],"rest":[1,0,0,0,0,-0.9939,-0.1104,0,0,0.1104,-0.9939,0,0,-0.337,0.1062,1],"parentBoneIndex":7,"length":1.8111
,"animation":{"dataType":3,"framePerSecond":24,"keys":[
{"frame":1,"values":[1,0,0,0,0,-0.9939,-0.1104,0,0,0.1104,-0.9939,0,0,-0.337,0.1062,1]},
{"frame":65,"values":[1,0,0,0,0,-0.9939,-0.1104,0,0,0.1104,-0.9939,0,0,-0.337,0.1062,1]},
{"frame":71,"values":[1,0,0,0,0,-0.9939,-0.1104,0,0,0.1104,-0.9939,0,0,-0.337,0.1062,1]},
{"frame":99,"values":[1,0,0,0,0,-0.9939,-0.1104,0,0,0.1104,-0.9939,0,0,-0.337,0.1062,1]},
{"frame":111,"values":[1,0,0,0,0,-0.9939,-0.1104,0,0,0.1104,-0.9939,0,0,-0.337,0.1062,1]},
{"frame":124,"values":[1,0,0,0,0,-0.9939,-0.1104,0,0,0.1104,-0.9939,0,0,-0.337,0.1062,1]},
{"frame":131,"values":[1,0,0,0,0,-0.9939,-0.1104,0,0,0.1104,-0.9939,0,0,-0.337,0.1062,1]},
{"frame":151,"values":[1,0,0,0,0,-0.9939,-0.1104,0,0,0.1104,-0.9939,0,0,-0.337,0.1062,1]},
{"frame":161,"values":[1,0,0,0,0,-0.9939,-0.1104,0,0,0.1104,-0.9939,0,0,-0.337,0.1062,1]},
{"frame":185,"values":[1,0,0,0,0,-0.9939,-0.1104,0,0,0.1104,-0.9939,0,0,-0.337,0.1062,1]}],"loopBehavior":1,"name":"anim","property":"_matrix"}},
{"name":"body_ctrl","index":11,"matrix":[0.766,0,-0.6428,0,-0.6428,0,-0.766,0,0,1,0,0,0,10.9297,0.1,1],"rest":[1,0,0,0,0,0,-1,0,0,1,0,0,0,11.05,0.1,1],"parentBoneIndex":0,"length":3
,"animation":{"dataType":3,"framePerSecond":24,"keys":[
{"frame":1,"values":[0.766,0,-0.6428,0,-0.6428,0,-0.766,0,0,1,0,0,0,10.9297,0.1,1]},
{"frame":2,"values":[0.766,0,-0.6428,0,-0.6428,0,-0.766,0,0,1,0,0,0,10.9239,0.037,1]},
{"frame":3,"values":[0.766,0,-0.6428,0,-0.6428,0,-0.766,0,0,1,0,0,0,10.9068,-0.1444,1]},
{"frame":4,"values":[0.766,0,-0.6428,0,-0.6428,0,-0.766,0,0,1,0,0,0,10.8824,-0.4024,1]},
{"frame":5,"values":[0.766,0,-0.6428,0,-0.6428,0,-0.766,0,0,1,0,0,0,10.8579,-0.6591,1]},
{"frame":6,"values":[0.766,0,-0.6428,0,-0.6428,0,-0.766,0,0,1,0,0,0,10.8408,-0.8381,1]},
{"frame":7,"values":[0.766,0,-0.6428,0,-0.6428,0,-0.766,0,0,1,0,0,0,10.835,-0.9,1]},
{"frame":8,"values":[0.766,0,-0.6428,0,-0.6428,0,-0.766,0,0,1,0,0,0,10.8434,-0.9,1]},
{"frame":9,"values":[0.766,0,-0.6428,0,-0.6428,0,-0.766,0,0,1,0,0,0,10.8671,-0.9,1]},
{"frame":10,"values":[0.766,0,-0.6428,0,-0.6428,0,-0.766,0,0,1,0,0,0,10.8976,-0.9,1]},
{"frame":11,"values":[0.766,0,-0.6428,0,-0.6428,0,-0.766,0,0,1,0,0,0,10.9213,-0.9,1]},
{"frame":12,"values":[0.766,0,-0.6428,0,-0.6428,0,-0.766,0,0,1,0,0,0,10.9297,-0.9,1]},
{"frame":31,"values":[0.766,0,-0.6428,0,-0.6428,0,-0.766,0,0,1,0,0,0,10.5373,-0.9895,1]},
{"frame":32,"values":[0.766,0,-0.6428,0,-0.6428,0,-0.766,0,0,1,0,0,0,9.5055,-1.2406,1]},
{"frame":33,"values":[0.766,0,-0.6428,0,-0.6428,0,-0.766,0,0,1,0,0,0,8.2511,-1.5616,1]},
{"frame":34,"values":[0.766,0,-0.6428,0,-0.6428,0,-0.766,0,0,1,0,0,0,7.2826,-1.8113,1]},
{"frame":35,"values":[0.766,0,-0.6428,0,-0.6428,0,-0.766,0,0,1,0,0,0,6.9297,-1.9,1]},
{"frame":36,"values":[0.766,0,-0.6428,0,-0.6428,0,-0.766,0,0,1,0,0,0,7.0804,-1.8787,1]},
{"frame":37,"values":[0.766,0,-0.6428,0,-0.6428,0,-0.766,0,0,1,0,0,0,7.5195,-1.7933,1]},
{"frame":38,"values":[0.766,0,-0.6428,0,-0.6428,0,-0.766,0,0,1,0,0,0,8.1668,-1.6101,1]},
{"frame":39,"values":[0.766,0,-0.6428,0,-0.6428,0,-0.766,0,0,1,0,0,0,8.8671,-1.3095,1]},
{"frame":40,"values":[0.766,0,-0.6428,0,-0.6428,0,-0.766,0,0,1,0,0,0,9.4552,-0.9,1]},
{"frame":41,"values":[0.766,0,-0.6428,0,-0.6428,0,-0.766,0,0,1,0,0,0,10.0613,-0.1372,1]},
{"frame":42,"values":[0.766,0,-0.6428,0,-0.6428,0,-0.766,0,0,1,0,0,0,10.6538,0.8132,1]},
{"frame":43,"values":[0.766,0,-0.6428,0,-0.6428,0,-0.766,0,0,1,0,0,0,10.8869,1.2334,1]},
{"frame":47,"values":[0.766,0,-0.6428,0,-0.6428,0,-0.766,0,0,1,0,0,0,10.5044,1.2334,1]},
{"frame":48,"values":[0.766,0,-0.6428,0,-0.6428,0,-0.766,0,0,1,0,0,0,9.5773,1.2334,1]},
{"frame":49,"values":[0.766,0,-0.6428,0,-0.6428,0,-0.766,0,0,1,0,0,0,7.7911,1.2334,1]},
{"frame":50,"values":[0.766,0,-0.6428,0,-0.6428,0,-0.766,0,0,1,0,0,0,6.5773,1.2334,1]},
{"frame":51,"values":[0.766,0,-0.6428,0,-0.6428,0,-0.766,0,0,1,0,0,0,6.5794,1.2334,1]},
{"frame":52,"values":[0.766,0,-0.6428,0,-0.6428,0,-0.766,0,0,1,0,0,0,6.5941,1.2334,1]},
{"frame":53,"values":[0.766,0,-0.6428,0,-0.6428,0,-0.766,0,0,1,0,0,0,6.6322,1.2334,1]},
{"frame":54,"values":[0.766,0,-0.6428,0,-0.6428,0,-0.766,0,0,1,0,0,0,6.7004,1.2334,1]},
{"frame":55,"values":[0.766,0,-0.6428,0,-0.6428,0,-0.766,0,0,1,0,0,0,6.8018,1.2334,1]},
{"frame":56,"values":[0.766,0,-0.6428,0,-0.6428,0,-0.766,0,0,1,0,0,0,6.995,1.2082,1]},
{"frame":57,"values":[0.766,0,-0.6428,0,-0.6428,0,-0.766,0,0,1,0,0,0,7.3332,1.1326,1]},
{"frame":58,"values":[0.766,0,-0.6428,0,-0.6428,0,-0.766,0,0,1,0,0,0,7.7997,1.0099,1]},
{"frame":59,"values":[0.766,0,-0.6428,0,-0.6428,0,-0.766,0,0,1,0,0,0,8.3634,0.8496,1]},
{"frame":60,"values":[0.766,0,-0.6428,0,-0.6428,0,-0.766,0,0,1,0,0,0,8.9789,0.668,1]},
{"frame":61,"values":[0.766,0,-0.6428,0,-0.6428,0,-0.766,0,0,1,0,0,0,9.5894,0.4861,1]},
{"frame":62,"values":[0.766,0,-0.6428,0,-0.6428,0,-0.766,0,0,1,0,0,0,10.1354,0.3251,1]},
{"frame":63,"values":[0.766,0,-0.6428,0,-0.6428,0,-0.766,0,0,1,0,0,0,10.5641,0.2016,1]},
{"frame":64,"values":[0.766,0,-0.6428,0,-0.6428,0,-0.766,0,0,1,0,0,0,10.8365,0.1254,1]},
{"frame":65,"values":[0.766,0,-0.6428,0,-0.6428,0,-0.766,0,0,1,0,0,0,10.9297,0.1,1]},
{"frame":71,"values":[0.766,0,-0.6428,0,-0.6428,0,-0.766,0,0,1,0,0,0,10.9297,0.1,1]},
{"frame":72,"values":[0.766,0,-0.6428,0,-0.6428,0,-0.766,0,0,1,0,0,0,10.8569,-0.0946,1]},
{"frame":73,"values":[0.766,0,-0.6428,0,-0.6428,0,-0.766,0,0,1,0,0,0,10.67,-0.5424,1]},
{"frame":74,"values":[0.766,0,-0.6428,0,-0.6428,0,-0.766,0,0,1,0,0,0,10.4959,-0.9,1]},
{"frame":75,"values":[0.766,-0.001,-0.6428,0,-0.6428,-0.0012,-0.766,0,0,1,-0.0015,0,0,10.3481,-1.1001,1]},
{"frame":76,"values":[0.766,-0.0044,-0.6428,0,-0.6428,-0.0053,-0.766,0,0,1,-0.0069,0,0,10.1792,-1.244,1]},
{"frame":77,"values":[0.766,-0.0108,-0.6427,0,-0.6428,-0.0129,-0.7659,0,0,0.9999,-0.0168,0,0,10.011,-1.3432,1]},
{"frame":78,"values":[0.766,-0.0199,-0.6425,0,-0.6428,-0.0238,-0.7657,0,0,0.9995,-0.031,0,0,9.8731,-1.4242,1]},
{"frame":79,"values":[0.766,-0.031,-0.642,0,-0.6428,-0.037,-0.7652,0,0,0.9988,-0.0483,0,0,9.7879,-1.5171,1]},
{"frame":80,"values":[0.766,-0.043,-0.6413,0,-0.6428,-0.0513,-0.7643,0,0,0.9978,-0.067,0,0,9.7605,-1.6413,1]},
{"frame":81,"values":[0.766,-0.0604,-0.6399,0,-0.6428,-0.072,-0.7627,0,0,0.9956,-0.094,0,0,9.7605,-1.823,1]},
{"frame":82,"values":[0.766,-0.0846,-0.6372,0,-0.6428,-0.1008,-0.7594,0,0,0.9913,-0.1316,0,0,9.7605,-2.0488,1]},
{"frame":83,"values":[0.766,-0.1046,-0.6342,0,-0.6428,-0.1246,-0.7558,0,0,0.9867,-0.1627,0,0,9.7605,-2.2276,1]},
{"frame":84,"values":[0.766,-0.1116,-0.633,0,-0.6428,-0.133,-0.7544,0,0,0.9848,-0.1736,0,0,9.7605,-2.2899,1]},
{"frame":85,"values":[0.766,-0.1116,-0.633,0,-0.6428,-0.133,-0.7544,0,0,0.9848,-0.1736,0,0,9.546,-2.1868,1]},
{"frame":86,"values":[0.766,-0.1116,-0.633,0,-0.6428,-0.133,-0.7544,0,0,0.9848,-0.1736,0,0,8.9477,-1.8766,1]},
{"frame":87,"values":[0.766,-0.1116,-0.633,0,-0.6428,-0.133,-0.7544,0,0,0.9848,-0.1736,0,0,8.1259,-1.3949,1]},
{"frame":88,"values":[0.766,-0.1116,-0.633,0,-0.6428,-0.133,-0.7544,0,0,0.9848,-0.1736,0,0,7.3248,-0.8307,1]},
{"frame":89,"values":[0.766,-0.1116,-0.633,0,-0.6428,-0.133,-0.7544,0,0,0.9848,-0.1736,0,0,6.7605,-0.2899,1]},
{"frame":90,"values":[0.766,-0.0962,-0.6356,0,-0.6428,-0.1145,-0.7574,0,0,0.9888,-0.1496,0,0,6.4846,0.2483,1]},
{"frame":91,"values":[0.766,-0.044,-0.6413,0,-0.6428,-0.0523,-0.7643,0,0.0001,0.9977,-0.0683,0,0,6.3873,0.8477,1]},
{"frame":92,"values":[0.766,0.0462,-0.6411,0,-0.6428,0.0552,-0.7641,0,0.0001,0.9974,0.072,0,0,6.3416,1.4798,1]},
{"frame":93,"values":[0.766,0.159,-0.6228,0,-0.6428,0.1895,-0.7422,0,0,0.9689,0.2474,0,0,6.1916,2.1116,1]},
{"frame":94,"values":[0.766,0.2717,-0.5826,0,-0.6428,0.3237,-0.6943,0,0,0.9063,0.4226,0,0,5.7605,2.7101,1]},
{"frame":95,"values":[0.7513,0.4185,-0.5103,0,-0.6599,0.4654,-0.5898,0,-0.0094,0.7799,0.6259,0,0,4.7563,3.3052,1]},
{"frame":96,"values":[0.7319,0.5772,-0.3621,0,-0.6813,0.6104,-0.404,0,-0.0121,0.5424,0.8401,0,0,3.3611,3.8795,1]},
{"frame":97,"values":[0.766,0.6138,-0.1909,0,-0.6429,0.7313,-0.2278,0,-0.0002,0.2972,0.9548,0,0,2.0023,4.3425,1]},
{"frame":98,"values":[0.9348,0.3526,-0.0436,0,-0.355,0.9316,-0.0777,0,0.0133,0.0881,0.996,0,0,0.7976,4.6856,1]},
{"frame":99,"values":[0.9962,0.0872,0,0,-0.0872,0.9962,0,0,0,0,1,0,0,0.0605,4.8101,1]},
{"frame":111,"values":[0.766,0,-0.6428,0,-0.6428,0,-0.766,0,0,1,0,0,0,10.9297,0.1,1]},
{"frame":112,"values":[0.766,0,-0.6428,0,-0.6428,0,-0.766,0,0,1,0,0,0,10.824,-0.1529,1]},
{"frame":113,"values":[0.766,0,-0.6428,0,-0.6428,0,-0.766,0,0,1,0,0,0,10.6004,-0.662,1]},
{"frame":114,"values":[0.766,0,-0.6428,0,-0.6428,0,-0.766,0,0,1,0,0,0,10.4959,-0.9,1]},
{"frame":115,"values":[0.766,0,-0.6428,0,-0.6428,0,-0.766,0,0,1,0,0,0,10.5071,-0.8739,1]},
