{"producer":{"name":"Blender","version":"2.79 (sub 0)","exporter_version":"5.4.2","file":"Archer.babylon"},
"autoClear":true,"clearColor":[0.0509,0.0509,0.0509],"ambientColor":[0,0,0],"gravity":[0,-9.81,0],
"materials":[{"name":"Archer.Material.001","id":"Archer.Material.001","ambient":[0.8,0.8,0.8],"diffuse":[0.64,0.64,0.64],"specular":[0,0,0],"emissive":[0,0,0],"specularPower":50,"alpha":1,"backFaceCulling":false,"checkReadyOnlyOnce":false,"maxSimultaneousLights":4, 
"diffuseTexture":{"name":"Archer.png","level":1,"hasAlpha":1,"coordinatesMode":0,"uOffset":0,"vOffset":0,"uScale":1,"vScale":1,"uAng":0,"vAng":0,"wAng":0,"wrapU":1,"wrapV":1,"coordinatesIndex":0}}],
"multiMaterials":[],
"skeletons":[{"name":"Armature","id":0,"dimensionsAtRest":[21.5051,17.8378,11.6367],"bones":[
{"name":"global","index":0,"matrix":[1,0,0,0,0,1,0,0,0,0,-1,0,-0.0077,-10.3087,0.4041,1],"rest":[1,0,0,0,0,1,0,0,0,0,-1,0,-0.0077,-10.3087,0.4041,1],"parentBoneIndex":-1,"length":2.1
,"animation":{"dataType":3,"framePerSecond":24,"keys":[
{"frame":0,"values":[1,0,0,0,0,1,0,0,0,0,-1,0,-0.0077,-10.3087,0.4041,1]},
{"frame":1,"values":[1,0,0,0,0,1,0,0,0,0,-1,0,-0.0077,-10.3087,0.4041,1]},
{"frame":11,"values":[0,0,1,0,0,1,0,0,1,0,0,0,-0.0077,-10.3087,0.4041,1]},
{"frame":53,"values":[0,0,1,0,0,1,0,0,1,0,0,0,-0.0077,-10.3087,0.4041,1]},
{"frame":61,"values":[0,0,1,0,0,1,0,0,1,0,0,0,-0.0077,-10.3087,0.4041,1]},
{"frame":81,"values":[0,0,1,0,0,1,0,0,1,0,0,0,-0.0077,-10.3087,0.4041,1]},
{"frame":91,"values":[0,0,1,0,0,1,0,0,1,0,0,0,-0.0077,-10.3087,0.4041,1]},
{"frame":101,"values":[0,0,1,0,0,1,0,0,1,0,0,0,-0.0077,-10.3087,0.4041,1]},
{"frame":111,"values":[0,0,1,0,0,1,0,0,1,0,0,0,-0.0077,-10.3087,0.4041,1]},
{"frame":131,"values":[0,0,1,0,0,1,0,0,1,0,0,0,-0.0077,-10.3087,0.4041,1]},
{"frame":140,"values":[0,0,1,0,0,1,0,0,1,0,0,0,-0.0077,-10.3087,0.4041,1]},
{"frame":141,"values":[0,0,1,0,0,1,0,0,1,0,0,0,-0.0077,-10.3087,0.4041,1]},
{"frame":151,"values":[1,0,0,0,0,1,0,0,0,0,-1,0,-0.0077,-10.3087,0.4041,1]},
{"frame":183,"values":[1,0,0,0,0,1,0,0,0,0,-1,0,-0.0077,-10.3087,0.4041,1]}],"loopBehavior":1,"name":"anim","property":"_matrix"}},
{"name":"knee_pole_l","index":1,"matrix":[-1,0,0,0,0,0,1,0,0,1,0,0,1.7994,4.83,5.6202,1],"rest":[-1,0,0,0,0,0,1,0,0,1,0,0,0.8994,4.83,5.6202,1],"parentBoneIndex":0,"length":1.365
,"animation":{"dataType":3,"framePerSecond":24,"keys":[
{"frame":0,"values":[-1,0,0,0,0,0,1,0,0,1,0,0,1.7994,4.83,5.6202,1]},
{"frame":1,"values":[-1,0,0,0,0,0,1,0,0,1,0,0,1.7994,4.83,5.6202,1]},
{"frame":11,"values":[-1,0,0,0,0,0,1,0,0,1,0,0,2.4614,4.83,5.6202,1]},
{"frame":53,"values":[-1,0,0,0,0,0,1,0,0,1,0,0,2.4614,4.83,5.6202,1]},
{"frame":61,"values":[-1,0,0,0,0,0,1,0,0,1,0,0,2.4614,4.83,5.6202,1]},
{"frame":67,"values":[-1,0,0,0,0,0,1,0,0,1,0,0,2.8247,4.8171,5.6202,1]},
{"frame":68,"values":[-1,0,0,0,0,0,1,0,0,1,0,0,3.6679,4.7709,5.6202,1]},
{"frame":69,"values":[-1,0,0,0,0,0,1,0,0,1,0,0,4.3765,4.7002,5.6202,1]},
{"frame":70,"values":[-1,0,0,0,0,0,1,0,0,1,0,0,4.7456,4.6141,5.6202,1]},
{"frame":71,"values":[-1,0,0,0,0,0,1,0,0,1,0,0,4.9806,4.503,5.6202,1]},
{"frame":72,"values":[-1,0,0,0,0,0,1,0,0,1,0,0,5.188,4.3756,5.6202,1]},
{"frame":73,"values":[-1,0,0,0,0,0,1,0,0,1,0,0,5.3608,4.2953,5.6185,1]},
{"frame":74,"values":[-1,0,0,0,0,0,1,0,0,1,0,0,5.4954,4.2136,5.6038,1]},
{"frame":75,"values":[-1,0,0,0,0,0,1,0,0,1,0,0,5.7295,3.9194,5.5678,1]},
{"frame":76,"values":[-1,0,0,0,0,0,1,0,0,1,0,0,6.2137,2.8428,5.4207,1]},
{"frame":77,"values":[-1,0,0,0,0,0,1,0,0,1,0,0,6.8038,1.2761,5.1687,1]},
{"frame":78,"values":[-1,0,0,0,0,0,1,0,0,1,0,0,7.051,0.4897,5.0556,1]},
{"frame":81,"values":[-1,0,0,0,0,0,1,0,0,1,0,0,7.051,0.4897,5.0556,1]},
{"frame":91,"values":[-1,0,0,0,0,0,1,0,0,1,0,0,2.4614,4.83,5.6202,1]},
{"frame":101,"values":[-1,0,0,0,0,0,1,0,0,1,0,0,2.4614,4.83,5.6202,1]},
{"frame":111,"values":[-1,0,0,0,0,0,1,0,0,1,0,0,2.4614,4.83,5.6202,1]},
{"frame":131,"values":[-1,0,0,0,0,0,1,0,0,1,0,0,2.4614,4.83,5.6202,1]},
{"frame":140,"values":[-1,0,0,0,0,0,1,0,0,1,0,0,2.4614,4.83,5.6202,1]},
{"frame":141,"values":[-1,0,0,0,0,0,1,0,0,1,0,0,2.4614,4.83,5.6202,1]},
{"frame":151,"values":[-1,0,0,0,0,0,1,0,0,1,0,0,1.7994,4.83,5.6202,1]},
{"frame":164,"values":[-1,0,0,0,0,0,1,0,0,1,0,0,1.6742,4.83,5.6202,1]},
{"frame":165,"values":[-1,0,0,0,0,0,1,0,0,1,0,0,1.3494,4.83,5.6202,1]},
{"frame":166,"values":[-1,0,0,0,0,0,1,0,0,1,0,0,1.0245,4.83,5.6202,1]},
{"frame":167,"values":[-1,0,0,0,0,0,1,0,0,1,0,0,0.8994,4.83,5.6202,1]},
{"frame":180,"values":[-1,0,0,0,0,0,1,0,0,1,0,0,1.0237,4.83,5.6202,1]},
{"frame":181,"values":[-1,0,0,0,0,0,1,0,0,1,0,0,1.3455,4.83,5.6202,1]},
{"frame":182,"values":[-1,0,0,0,0,0,1,0,0,1,0,0,1.6714,4.83,5.6202,1]},
{"frame":183,"values":[-1,0,0,0,0,0,1,0,0,1,0,0,1.7994,4.83,5.6202,1]}],"loopBehavior":1,"name":"anim","property":"_matrix"}},
{"name":"knee_pole_r","index":2,"matrix":[-1,0,0,0,0,0,1,0,0,1,0,0,-0.884,4.83,5.6202,1],"rest":[-1,0,0,0,0,0,1,0,0,1,0,0,-0.884,4.83,5.6202,1],"parentBoneIndex":0,"length":1.365
,"animation":{"dataType":3,"framePerSecond":24,"keys":[
{"frame":0,"values":[-1,0,0,0,0,0,1,0,0,1,0,0,-0.884,4.83,5.6202,1]},
{"frame":1,"values":[-1,0,0,0,0,0,1,0,0,1,0,0,-0.884,4.83,5.6202,1]},
{"frame":11,"values":[-1,0,0,0,0,0,1,0,0,1,0,0,-0.1783,4.83,5.6202,1]},
{"frame":53,"values":[-1,0,0,0,0,0,1,0,0,1,0,0,-0.1783,4.83,5.6202,1]},
{"frame":61,"values":[-1,0,0,0,0,0,1,0,0,1,0,0,-0.1783,4.83,5.6202,1]},
{"frame":67,"values":[-1,0,0,0,0,0,1,0,0,1,0,0,-0.0146,4.83,5.6202,1]},
{"frame":68,"values":[-1,0,0,0,0,0,1,0,0,1,0,0,0.409,4.83,5.6202,1]},
{"frame":69,"values":[-1,0,0,0,0,0,1,0,0,1,0,0,0.8279,4.83,5.6202,1]},
{"frame":70,"values":[-1,0,0,0,0,0,1,0,0,1,0,0,1.1931,4.3271,5.6202,1]},
{"frame":71,"values":[-1,0,0,0,0,0,1,0,0,1,0,0,1.559,3.3115,5.6202,1]},
{"frame":72,"values":[-1,0,0,0,0,0,1,0,0,1,0,0,1.8279,2.83,5.6202,1]},
{"frame":73,"values":[-1,0,0,0,0,0,1,0,0,1,0,0,1.9408,3.0158,5.6202,1]},
{"frame":74,"values":[-1,0,0,0,0,0,1,0,0,1,0,0,1.9523,3.4043,5.6202,1]},
{"frame":75,"values":[-1,0,0,0,0,0,1,0,0,1,0,0,2.0714,3.5874,5.6202,1]},
{"frame":76,"values":[-1,0,0,0,0,0,1,0,0,1,0,0,2.9304,3.334,5.6202,1]},
{"frame":77,"values":[-1,0,0,0,0,0,1,0,0,1,0,0,4.3809,2.6719,5.6202,1]},
{"frame":78,"values":[-1,0,0,0,0,0,1,0,0,1,0,0,5.1094,1.9515,5.6202,1]},
{"frame":79,"values":[-1,0,0,0,0,0,1,0,0,1,0,0,5.0835,1.1688,5.8455,1]},
{"frame":80,"values":[-1,0,0,0,0,0,1,0,0,1,0,0,5.0345,0.3432,6.3251,1]},
{"frame":81,"values":[-1,0,0,0,0,0,1,0,0,1,0,0,5.0121,-0.0485,6.5615,1]},
{"frame":91,"values":[-1,0,0,0,0,0,1,0,0,1,0,0,-0.1783,4.83,5.6202,1]},
{"frame":101,"values":[-1,0,0,0,0,0,1,0,0,1,0,0,-0.1783,4.83,5.6202,1]},
{"frame":111,"values":[-1,0,0,0,0,0,1,0,0,1,0,0,-0.1783,4.83,5.6202,1]},
{"frame":131,"values":[-1,0,0,0,0,0,1,0,0,1,0,0,-0.1783,4.83,5.6202,1]},
{"frame":140,"values":[-1,0,0,0,0,0,1,0,0,1,0,0,-0.1783,4.83,5.6202,1]},
{"frame":141,"values":[-1,0,0,0,0,0,1,0,0,1,0,0,-0.1783,4.83,5.6202,1]},
{"frame":151,"values":[-1,0,0,0,0,0,1,0,0,1,0,0,-0.884,4.83,5.6202,1]},
{"frame":164,"values":[-1,0,0,0,0,0,1,0,0,1,0,0,-1.0091,4.83,5.6202,1]},
{"frame":165,"values":[-1,0,0,0,0,0,1,0,0,1,0,0,-1.334,4.83,5.6202,1]},
{"frame":166,"values":[-1,0,0,0,0,0,1,0,0,1,0,0,-1.6588,4.83,5.6202,1]},
{"frame":167,"values":[-1,0,0,0,0,0,1,0,0,1,0,0,-1.784,4.83,5.6202,1]},
{"frame":180,"values":[-1,0,0,0,0,0,1,0,0,1,0,0,-1.6597,4.83,5.6202,1]},
{"frame":181,"values":[-1,0,0,0,0,0,1,0,0,1,0,0,-1.3378,4.83,5.6202,1]},
{"frame":182,"values":[-1,0,0,0,0,0,1,0,0,1,0,0,-1.012,4.83,5.6202,1]},
{"frame":183,"values":[-1,0,0,0,0,0,1,0,0,1,0,0,-0.884,4.83,5.6202,1]}],"loopBehavior":1,"name":"anim","property":"_matrix"}},
{"name":"foot_ctrl_l","index":3,"matrix":[0.9659,0,-0.2588,0,-0.2588,0,-0.9659,0,0,1,0,0,1.05,0.1738,-3.6221,1],"rest":[1,0,0,0,0,0,-1,0,0,1,0,0,1.05,0.1738,-0.9996,1],"parentBoneIndex":0,"length":1.26
,"animation":{"dataType":3,"framePerSecond":24,"keys":[
{"frame":0,"values":[0.9659,0,-0.2588,0,-0.2588,0,-0.9659,0,0,1,0,0,1.05,0.1738,-3.6221,1]},
{"frame":1,"values":[0.9659,0,-0.2588,0,-0.2588,0,-0.9659,0,0,1,0,0,1.05,0.1738,-3.6221,1]},
{"frame":11,"values":[0.9063,0,-0.4226,0,-0.4226,0,-0.9063,0,0,1,0,0,1.4376,0.1738,-0.9996,1]},
{"frame":53,"values":[0.9063,0,-0.4226,0,-0.4226,0,-0.9063,0,0,1,0,0,1.4376,0.1738,-0.9996,1]},
{"frame":61,"values":[0.9063,0,-0.4226,0,-0.4226,0,-0.9063,0,0,1,0,0,1.4376,0.1738,-0.9996,1]},
{"frame":70,"values":[0.9584,0,-0.2855,0,-0.2855,0,-0.9584,0,0,1,0,0,1.4376,0.1738,-0.9996,1]},
{"frame":71,"values":[0.9996,0,0.0278,0,0.0278,0,-0.9996,0,0,1,0,0,1.4376,0.1738,-0.9996,1]},
{"frame":72,"values":[0.9848,0,0.1736,0,0.1736,0,-0.9848,0,0,1,0,0,1.4376,0.1738,-0.9996,1]},
{"frame":73,"values":[0.9718,-0.1615,0.1717,0,0.1694,-0.0283,-0.9851,0,0.164,0.9865,-0.0001,0,1.5184,0.1738,-0.5295,1]},
{"frame":74,"values":[0.8575,-0.4857,0.1697,0,0.1471,-0.0846,-0.9855,0,0.493,0.87,-0.0011,0,1.6909,0.1738,0.4236,1]},
{"frame":75,"values":[0.7567,-0.6303,0.1736,0,0.1334,-0.1111,-0.9848,0,0.64,0.7684,0,0,1.7716,0.1738,0.8685,1]},
{"frame":76,"values":[0.6596,-0.6422,0.3904,0,0.4185,-0.1176,-0.9006,0,0.6243,0.7574,0.1912,0,1.7316,0.1738,0.3934,1]},
{"frame":77,"values":[0.2905,-0.6347,0.716,0,0.8802,-0.1162,-0.4601,0,0.3752,0.7639,0.525,0,1.596,0.1738,-0.747,1]},
{"frame":78,"values":[0.0859,-0.6303,0.7716,0,0.9736,-0.1111,-0.1992,0,0.2113,0.7684,0.6041,0,1.3977,0.1738,-1.7021,1]},
{"frame":79,"values":[0.0859,-0.6303,0.7716,0,0.9736,-0.1111,-0.1992,0,0.2113,0.7684,0.6041,0,1.0795,0.1738,-2.1756,1]},
{"frame":80,"values":[0.0859,-0.6303,0.7716,0,0.9736,-0.1111,-0.1992,0,0.2113,0.7684,0.6041,0,0.6881,0.1738,-2.4398,1]},
{"frame":81,"values":[0.0859,-0.6303,0.7716,0,0.9736,-0.1111,-0.1992,0,0.2113,0.7684,0.6041,0,0.5213,0.1738,-2.5136,1]},
{"frame":91,"values":[0.9063,0,-0.4226,0,-0.4226,0,-0.9063,0,0,1,0,0,1.4376,0.1738,-0.9996,1]},
{"frame":101,"values":[0.9063,0,-0.4226,0,-0.4226,0,-0.9063,0,0,1,0,0,1.4376,0.1738,-0.9996,1]},
{"frame":111,"values":[0.9063,0,-0.4226,0,-0.4226,0,-0.9063,0,0,1,0,0,1.4376,0.1738,-0.9996,1]},
{"frame":131,"values":[0.9063,0,-0.4226,0,-0.4226,0,-0.9063,0,0,1,0,0,1.4376,0.1738,-0.9996,1]},
{"frame":140,"values":[0.9063,0,-0.4226,0,-0.4226,0,-0.9063,0,0,1,0,0,1.4376,0.1738,-0.9996,1]},
{"frame":141,"values":[0.9063,0,-0.4226,0,-0.4226,0,-0.9063,0,0,1,0,0,1.4376,0.1738,-0.9996,1]},
{"frame":151,"values":[0.9659,0,-0.2588,0,-0.2588,0,-0.9659,0,0,1,0,0,1.05,0.1738,-3.6221,1]},
{"frame":152,"values":[0.9659,0.0179,-0.2582,0,-0.2588,0.0669,-0.9636,0,0,0.9976,0.0693,0,1.05,0.4078,-3.6149,1]},
{"frame":153,"values":[0.9659,0.0645,-0.2506,0,-0.2588,0.2409,-0.9354,0,0,0.9684,0.2494,0,1.05,0.9749,-3.5598,1]},
{"frame":154,"values":[0.9659,0.109,-0.2348,0,-0.2588,0.4067,-0.8762,0,0,0.9071,0.421,0,1.05,1.52,-3.403,1]},
{"frame":155,"values":[0.9659,0.1249,-0.2267,0,-0.2588,0.4662,-0.846,0,0,0.8758,0.4827,0,1.05,1.7321,-3.1274,1]},
{"frame":156,"values":[0.9659,0.1235,-0.2275,0,-0.2588,0.4608,-0.8489,0,0,0.8789,0.4771,0,1.05,1.6886,-2.7369,1]},
{"frame":157,"values":[0.9659,0.1176,-0.2306,0,-0.2588,0.4389,-0.8605,0,0,0.8908,0.4544,0,1.05,1.5565,-2.229,1]},
{"frame":158,"values":[0.9659,0.106,-0.2361,0,-0.2588,0.3958,-0.8811,0,0,0.9122,0.4097,0,1.05,1.3709,-1.6324,1]},
{"frame":159,"values":[0.9659,0.09,-0.2427,0,-0.2588,0.3357,-0.9057,0,0,0.9377,0.3476,0,1.05,1.1915,-0.9967,1]},
{"frame":160,"values":[0.966,0.0654,-0.2502,0,-0.2586,0.2514,-0.9327,0,0.0019,0.9657,0.2597,0,1.05,1.0058,-0.1522,1]},
{"frame":161,"values":[0.966,0.0301,-0.2568,0,-0.2585,0.1348,-0.9566,0,0.0059,0.9904,0.138,0,1.05,0.7889,0.8603,1]},
{"frame":162,"values":[0.9659,-0.0028,-0.2589,0,-0.2589,0.0145,-0.9658,0,0.0064,0.9999,0.0133,0,1.05,0.5838,1.6602,1]},
{"frame":163,"values":[0.9659,-0.021,-0.258,0,-0.2588,-0.0785,-0.9627,0,0,0.9967,-0.0813,0,1.05,0.4282,1.9643,1]},
{"frame":164,"values":[0.9747,-0.0264,-0.2219,0,-0.2233,-0.1522,-0.9628,0,-0.0083,0.988,-0.1542,0,1.1892,0.3114,1.9587,1]},
{"frame":165,"values":[0.9915,-0.0194,-0.1289,0,-0.1301,-0.2137,-0.9682,0,-0.0088,0.9767,-0.2144,0,1.55,0.2269,1.9131,1]},
{"frame":166,"values":[0.9993,-0.006,-0.0356,0,-0.036,-0.2492,-0.9678,0,-0.0031,0.9684,-0.2493,0,1.9108,0.1842,1.7841,1]},
{"frame":167,"values":[1,0,0,0,0,-0.2588,-0.9659,0,0,0.9659,-0.2588,0,2.05,0.1738,1.5567,1]},
{"frame":168,"values":[1,0,0,0,0,-0.2237,-0.9747,0,0,0.9747,-0.2237,0,2.05,0.1738,1.1845,1]},
{"frame":169,"values":[1,0,0,0,0,-0.1305,-0.9914,0,0,0.9914,-0.1305,0,2.05,0.1738,0.6471,1]},
{"frame":170,"values":[1,0,0,0,0,-0.0361,-0.9993,0,0,0.9993,-0.0361,0,2.05,0.1738,0.0582,1]},
{"frame":171,"values":[1,0,0,0,0,0,-1,0,0,1,0,0,2.05,0.1738,-0.4433,1]},
{"frame":172,"values":[1,0,0,0,0,0,-1,0,0,1,0,0,2.05,0.1738,-0.8591,1]},
{"frame":173,"values":[1,0,0,0,0,0,-1,0,0,1,0,0,2.05,0.1738,-1.2407,1]},
{"frame":174,"values":[1,0,0,0,0,0,-1,0,0,1,0,0,2.05,0.1738,-1.5693,1]},
{"frame":175,"values":[1,0,0,0,0,0,-1,0,0,1,0,0,2.05,0.1738,-1.8433,1]},
{"frame":176,"values":[1,0,0,0,0,0,-1,0,0,1,0,0,2.05,0.1738,-2.0418,1]},
{"frame":177,"values":[1,0,0,0,0,0,-1,0,0,1,0,0,2.05,0.1738,-2.1585,1]},
{"frame":178,"values":[1,0,0,0,0,0,-1,0,0,1,0,0,2.05,0.1738,-2.267,1]},
{"frame":179,"values":[1,0,0,0,0,0,-1,0,0,1,0,0,2.05,0.1738,-2.4433,1]},
{"frame":180,"values":[0.9993,0,-0.0361,0,-0.0361,0,-0.9993,0,0,1,0,0,1.912,0.1738,-2.7486,1]},
{"frame":181,"values":[0.9914,0,-0.1305,0,-0.1305,0,-0.9914,0,0,1,0,0,1.5553,0.1738,-3.1558,1]},
{"frame":182,"values":[0.9747,0,-0.2237,0,-0.2237,0,-0.9747,0,0,1,0,0,1.1932,0.1738,-3.4963,1]},
{"frame":183,"values":[0.9659,0,-0.2588,0,-0.2588,0,-0.9659,0,0,1,0,0,1.05,0.1738,-3.6221,1]}],"loopBehavior":1,"name":"anim","property":"_matrix"}},
{"name":"ball_ctrl_l","index":4,"matrix":[0.9879,-0.0453,0.1485,0,-0.1234,0.3518,0.9279,0,-0.0943,-0.935,0.3419,0,0,-1.0784,0.1115,1],"rest":[1,0,0,0,0,0.8123,0.5832,0,0,-0.5832,0.8123,0,0,-1.0784,0.1115,1],"parentBoneIndex":3,"length":1.1311
,"animation":{"dataType":3,"framePerSecond":24,"keys":[
{"frame":0,"values":[0.9879,-0.0453,0.1485,0,-0.1234,0.3518,0.9279,0,-0.0943,-0.935,0.3419,0,0,-1.0784,0.1115,1]},
{"frame":1,"values":[0.9879,-0.0453,0.1485,0,-0.1234,0.3518,0.9279,0,-0.0943,-0.935,0.3419,0,0,-1.0784,0.1115,1]},
{"frame":11,"values":[1,0,0,0,0,0.8123,0.5832,0,0,-0.5832,0.8123,0,0,-1.0784,0.1115,1]},
{"frame":53,"values":[1,0,0,0,0,0.8123,0.5832,0,0,-0.5832,0.8123,0,0,-1.0784,0.1115,1]},
{"frame":61,"values":[1,0,0,0,0,0.8123,0.5832,0,0,-0.5832,0.8123,0,0,-1.0784,0.1115,1]},
{"frame":81,"values":[1,0,0,0,0,0.8123,0.5832,0,0,-0.5832,0.8123,0,0,-1.0784,0.1115,1]},
{"frame":91,"values":[1,0,0,0,0,0.8123,0.5832,0,0,-0.5832,0.8123,0,0,-1.0784,0.1115,1]},
{"frame":101,"values":[1,0,0,0,0,0.8123,0.5832,0,0,-0.5832,0.8123,0,0,-1.0784,0.1115,1]},
{"frame":111,"values":[1,0,0,0,0,0.8123,0.5832,0,0,-0.5832,0.8123,0,0,-1.0784,0.1115,1]},
{"frame":131,"values":[1,0,0,0,0,0.8123,0.5832,0,0,-0.5832,0.8123,0,0,-1.0784,0.1115,1]},
{"frame":140,"values":[1,0,0,0,0,0.8123,0.5832,0,0,-0.5832,0.8123,0,0,-1.0784,0.1115,1]},
{"frame":141,"values":[1,0,0,0,0,0.8123,0.5832,0,0,-0.5832,0.8123,0,0,-1.0784,0.1115,1]},
{"frame":151,"values":[0.9879,-0.0453,0.1485,0,-0.1234,0.3518,0.9279,0,-0.0943,-0.935,0.3419,0,0,-1.0784,0.1115,1]},
{"frame":152,"values":[0.9909,-0.034,0.1303,0,-0.1036,0.4259,0.8988,0,-0.086,-0.9041,0.4185,0,0,-1.0784,0.1115,1]},
{"frame":153,"values":[0.9969,-0.0116,0.0779,0,-0.0548,0.6079,0.7921,0,-0.0565,-0.7939,0.6054,0,0,-1.0784,0.1115,1]},
{"frame":154,"values":[0.9998,-0.0009,0.0216,0,-0.0133,0.7626,0.6468,0,-0.0171,-0.6469,0.7624,0,0,-1.0784,0.1115,1]},
{"frame":155,"values":[1,0,0,0,0,0.8123,0.5832,0,0,-0.5832,0.8123,0,0,-1.0784,0.1115,1]},
{"frame":180,"values":[0.9998,-0.0009,0.0216,0,-0.0133,0.7626,0.6468,0,-0.0171,-0.6469,0.7624,0,0,-1.0784,0.1115,1]},
{"frame":181,"values":[0.9969,-0.0116,0.0779,0,-0.0548,0.6079,0.7921,0,-0.0565,-0.7939,0.6054,0,0,-1.0784,0.1115,1]},
{"frame":182,"values":[0.9909,-0.034,0.1303,0,-0.1036,0.4259,0.8988,0,-0.086,-0.9041,0.4185,0,0,-1.0784,0.1115,1]},
{"frame":183,"values":[0.9879,-0.0453,0.1485,0,-0.1234,0.3518,0.9279,0,-0.0943,-0.935,0.3419,0,0,-1.0784,0.1115,1]}],"loopBehavior":1,"name":"anim","property":"_matrix"}},
{"name":"ankle_l","index":5,"matrix":[0.9999,-0.0042,0.0135,0,0.0113,-0.3387,-0.9408,0,0.0085,0.9409,-0.3386,0,0,1.1311,0,1],"rest":[0.9999,-0.0042,0.0135,0,0.0113,-0.3387,-0.9408,0,0.0085,0.9409,-0.3386,0,0,1.1311,0,1],"parentBoneIndex":4,"length":0.4039
,"animation":{"dataType":3,"framePerSecond":24,"keys":[
{"frame":0,"values":[0.9999,-0.0042,0.0135,0,0.0113,-0.3387,-0.9408,0,0.0085,0.9409,-0.3386,0,0,1.1311,0,1]},
{"frame":1,"values":[0.9999,-0.0042,0.0135,0,0.0113,-0.3387,-0.9408,0,0.0085,0.9409,-0.3386,0,0,1.1311,0,1]},
{"frame":11,"values":[0.9999,-0.0042,0.0135,0,0.0113,-0.3387,-0.9408,0,0.0085,0.9409,-0.3386,0,0,1.1311,0,1]},
{"frame":53,"values":[0.9999,-0.0042,0.0135,0,0.0113,-0.3387,-0.9408,0,0.0085,0.9409,-0.3386,0,0,1.1311,0,1]},
{"frame":61,"values":[0.9999,-0.0042,0.0135,0,0.0113,-0.3387,-0.9408,0,0.0085,0.9409,-0.3386,0,0,1.1311,0,1]},
{"frame":81,"values":[0.9999,-0.0042,0.0135,0,0.0113,-0.3387,-0.9408,0,0.0085,0.9409,-0.3386,0,0,1.1311,0,1]},
{"frame":91,"values":[0.9999,-0.0042,0.0135,0,0.0113,-0.3387,-0.9408,0,0.0085,0.9409,-0.3386,0,0,1.1311,0,1]},
{"frame":101,"values":[0.9999,-0.0042,0.0135,0,0.0113,-0.3387,-0.9408,0,0.0085,0.9409,-0.3386,0,0,1.1311,0,1]},
{"frame":111,"values":[0.9999,-0.0042,0.0135,0,0.0113,-0.3387,-0.9408,0,0.0085,0.9409,-0.3386,0,0,1.1311,0,1]},
{"frame":131,"values":[0.9999,-0.0042,0.0135,0,0.0113,-0.3387,-0.9408,0,0.0085,0.9409,-0.3386,0,0,1.1311,0,1]},
{"frame":140,"values":[0.9999,-0.0042,0.0135,0,0.0113,-0.3387,-0.9408,0,0.0085,0.9409,-0.3386,0,0,1.1311,0,1]},
{"frame":141,"values":[0.9999,-0.0042,0.0135,0,0.0113,-0.3387,-0.9408,0,0.0085,0.9409,-0.3386,0,0,1.1311,0,1]},
{"frame":151,"values":[0.9999,-0.0042,0.0135,0,0.0113,-0.3387,-0.9408,0,0.0085,0.9409,-0.3386,0,0,1.1311,0,1]},
{"frame":183,"values":[0.9999,-0.0042,0.0135,0,0.0113,-0.3387,-0.9408,0,0.0085,0.9409,-0.3386,0,0,1.1311,0,1]}],"loopBehavior":1,"name":"anim","property":"_matrix"}},
{"name":"toe_ctrl_l","index":6,"matrix":[1,0,0,0,0,-0.9939,-0.1104,0,0,0.1104,-0.9939,0,0,-1.0784,0.1115,1],"rest":[1,0,0,0,0,-0.9939,-0.1104,0,0,0.1104,-0.9939,0,0,-1.0784,0.1115,1],"parentBoneIndex":3,"length":1.9016
,"animation":{"dataType":3,"framePerSecond":24,"keys":[
{"frame":0,"values":[1,0,0,0,0,-0.9939,-0.1104,0,0,0.1104,-0.9939,0,0,-1.0784,0.1115,1]},
{"frame":1,"values":[1,0,0,0,0,-0.9939,-0.1104,0,0,0.1104,-0.9939,0,0,-1.0784,0.1115,1]},
{"frame":11,"values":[1,0,0,0,0,-0.9939,-0.1104,0,0,0.1104,-0.9939,0,0,-1.0784,0.1115,1]},
{"frame":53,"values":[1,0,0,0,0,-0.9939,-0.1104,0,0,0.1104,-0.9939,0,0,-1.0784,0.1115,1]},
{"frame":61,"values":[1,0,0,0,0,-0.9939,-0.1104,0,0,0.1104,-0.9939,0,0,-1.0784,0.1115,1]},
{"frame":76,"values":[0.998,0.0593,0.0221,0,0.0624,-0.9806,-0.1857,0,0.0107,0.1867,-0.9823,0,0,-1.0784,0.1115,1]},
{"frame":77,"values":[0.9803,0.1789,0.0842,0,0.197,-0.9204,-0.3378,0,0.0171,0.3477,-0.9374,0,0,-1.0784,0.1115,1]},
{"frame":78,"values":[0.966,0.2296,0.1192,0,0.2584,-0.8782,-0.4024,0,0.0123,0.4195,-0.9077,0,0,-1.0784,0.1115,1]},
{"frame":81,"values":[0.966,0.2296,0.1192,0,0.2584,-0.8782,-0.4024,0,0.0123,0.4195,-0.9077,0,0,-1.0784,0.1115,1]},
{"frame":91,"values":[1,0,0,0,0,-0.9939,-0.1104,0,0,0.1104,-0.9939,0,0,-1.0784,0.1115,1]},
{"frame":101,"values":[1,0,0,0,0,-0.9939,-0.1104,0,0,0.1104,-0.9939,0,0,-1.0784,0.1115,1]},
{"frame":111,"values":[1,0,0,0,0,-0.9939,-0.1104,0,0,0.1104,-0.9939,0,0,-1.0784,0.1115,1]},
{"frame":131,"values":[1,0,0,0,0,-0.9939,-0.1104,0,0,0.1104,-0.9939,0,0,-1.0784,0.1115,1]},
{"frame":140,"values":[1,0,0,0,0,-0.9939,-0.1104,0,0,0.1104,-0.9939,0,0,-1.0784,0.1115,1]},
{"frame":141,"values":[1,0,0,0,0,-0.9939,-0.1104,0,0,0.1104,-0.9939,0,0,-1.0784,0.1115,1]},
{"frame":151,"values":[1,0,0,0,0,-0.9939,-0.1104,0,0,0.1104,-0.9939,0,0,-1.0784,0.1115,1]},
{"frame":183,"values":[1,0,0,0,0,-0.9939,-0.1104,0,0,0.1104,-0.9939,0,0,-1.0784,0.1115,1]}],"loopBehavior":1,"name":"anim","property":"_matrix"}},
{"name":"foot_ctrl_r","index":7,"matrix":[1,0,0,0,0,-0.2588,-0.9659,0,0,0.9659,-0.2588,0,-2.0346,0.1738,1.5567,1],"rest":[1,0,0,0,0,0,-1,0,0,1,0,0,-1.0346,0.1738,-0.9996,1],"parentBoneIndex":0,"length":1.26
,"animation":{"dataType":3,"framePerSecond":24,"keys":[
{"frame":0,"values":[1,0,0,0,0,-0.2588,-0.9659,0,0,0.9659,-0.2588,0,-2.0346,0.1738,1.5567,1]},
{"frame":1,"values":[1,0,0,0,0,-0.2588,-0.9659,0,0,0.9659,-0.2588,0,-2.0346,0.1738,1.5567,1]},
{"frame":11,"values":[0.9962,0,0.0872,0,0.0872,0,-0.9962,0,0,1,0,0,-1.5018,0.1738,-0.9996,1]},
{"frame":53,"values":[0.9962,0,0.0872,0,0.0872,0,-0.9962,0,0,1,0,0,-1.5018,0.1738,-0.9996,1]},
{"frame":61,"values":[0.9962,0,0.0872,0,0.0872,0,-0.9962,0,0,1,0,0,-1.5018,0.1738,-0.9996,1]},
{"frame":64,"values":[0.9962,0,0.0872,0,0.0868,0.0888,-0.9923,0,-0.0077,0.996,0.0885,0,-1.541,0.4186,-0.9996,1]},
{"frame":65,"values":[0.9962,0,0.0872,0,0.0838,0.2763,-0.9574,0,-0.0241,0.9611,0.2753,0,-1.6249,0.9353,-0.9996,1]},
{"frame":66,"values":[0.9962,0,0.0872,0,0.0813,0.3606,-0.9292,0,-0.0314,0.9327,0.3592,0,-1.6641,1.1801,-0.9996,1]},
{"frame":70,"values":[0.9942,-0.0759,0.0758,0,0.0978,0.3512,-0.9312,0,0.044,0.9332,0.3566,0,-1.6641,1.3898,-0.9996,1]},
{"frame":71,"values":[0.9622,-0.2647,0.0638,0,0.151,0.3236,-0.9341,0,0.2266,0.9084,0.3513,0,-1.6641,1.8963,-0.9996,1]},
{"frame":72,"values":[0.9029,-0.421,0.0872,0,0.2261,0.2924,-0.9292,0,0.3657,0.8586,0.3592,0,-1.6641,2.3162,-0.9996,1]},
{"frame":73,"values":[0.8478,-0.5039,0.1654,0,0.3335,0.264,-0.905,0,0.4124,0.8224,0.3918,0,-1.546,2.5825,-0.9996,1]},
{"frame":74,"values":[0.7742,-0.5668,0.2817,0,0.4843,0.2438,-0.8402,0,0.4076,0.7869,0.4633,0,-1.1727,2.7717,-0.9996,1]},
{"frame":75,"values":[0.6538,-0.6715,0.3487,0,0.631,0.2297,-0.741,0,0.4175,0.7045,0.5739,0,-0.5821,2.8301,-0.9996,1]},
{"frame":76,"values":[0.4216,-0.8535,0.3062,0,0.7954,0.1859,-0.5769,0,0.4354,0.4868,0.7573,0,0.4889,2.8301,-0.9431,1]},
{"frame":77,"values":[0.1215,-0.9847,0.1253,0,0.9248,0.0665,-0.3745,0,0.3604,0.1613,0.9187,0,1.7426,2.8301,-0.7668,1]},
{"frame":78,"values":[0.0083,-0.9996,0.0263,0,0.9538,0,-0.3006,0,0.3005,0.0275,0.9534,0,2.3157,2.8301,-0.5322,1]},
{"frame":79,"values":[0.0083,-0.9996,0.0263,0,0.9538,0,-0.3006,0,0.3005,0.0275,0.9534,0,2.29,2.591,-0.1849,1]},
{"frame":80,"values":[0.0083,-0.9996,0.0263,0,0.9538,0,-0.3006,0,0.3005,0.0275,0.9534,0,2.2409,2.0824,0.2318,1]},
{"frame":81,"values":[0.0083,-0.9996,0.0263,0,0.9538,0,-0.3006,0,0.3005,0.0275,0.9534,0,2.2183,1.8301,0.4091,1]},
{"frame":91,"values":[0.9962,0,0.0872,0,0.0872,0,-0.9962,0,0,1,0,0,-1.5018,0.1738,-0.9996,1]},
{"frame":101,"values":[0.9962,0,0.0872,0,0.0872,0,-0.9962,0,0,1,0,0,-1.5018,0.1738,-0.9996,1]},
{"frame":111,"values":[0.9962,0,0.0872,0,0.0872,0,-0.9962,0,0,1,0,0,-1.5018,0.1738,-0.9996,1]},
{"frame":131,"values":[0.9962,0,0.0872,0,0.0872,0,-0.9962,0,0,1,0,0,-1.5018,0.1738,-0.9996,1]},
{"frame":140,"values":[0.9962,0,0.0872,0,0.0872,0,-0.9962,0,0,1,0,0,-1.5018,0.1738,-0.9996,1]},
{"frame":141,"values":[0.9962,0,0.0872,0,0.0872,0,-0.9962,0,0,1,0,0,-1.5018,0.1738,-0.9996,1]},
{"frame":151,"values":[1,0,0,0,0,-0.2588,-0.9659,0,0,0.9659,-0.2588,0,-2.0346,0.1738,1.5567,1]},
{"frame":152,"values":[1,0,0,0,0,-0.2237,-0.9747,0,0,0.9747,-0.2237,0,-2.0346,0.1738,1.3353,1]},
{"frame":153,"values":[1,0,0,0,0,-0.1305,-0.9914,0,0,0.9914,-0.1305,0,-2.0346,0.1738,0.7758,1]},
{"frame":154,"values":[1,0,0,0,0,-0.0361,-0.9993,0,0,0.9993,-0.0361,0,-2.0346,0.1738,0.1044,1]},
{"frame":155,"values":[1,0,0,0,0,0,-1,0,0,1,0,0,-2.0346,0.1738,-0.4433,1]},
{"frame":156,"values":[1,0,0,0,0,0,-1,0,0,1,0,0,-2.0346,0.1738,-0.8591,1]},
{"frame":157,"values":[1,0,0,0,0,0,-1,0,0,1,0,0,-2.0346,0.1738,-1.2407,1]},
{"frame":158,"values":[1,0,0,0,0,0,-1,0,0,1,0,0,-2.0346,0.1738,-1.5693,1]},
{"frame":159,"values":[1,0,0,0,0,0,-1,0,0,1,0,0,-2.0346,0.1738,-1.8433,1]},
{"frame":160,"values":[1,0,0,0,0,0,-1,0,0,1,0,0,-2.0346,0.1738,-2.0418,1]},
{"frame":161,"values":[1,0,0,0,0,0,-1,0,0,1,0,0,-2.0346,0.1738,-2.1585,1]},
{"frame":162,"values":[1,0,0,0,0,0,-1,0,0,1,0,0,-2.0346,0.1738,-2.267,1]},
{"frame":163,"values":[1,0,0,0,0,0,-1,0,0,1,0,0,-2.0346,0.1738,-2.4433,1]},
{"frame":164,"values":[0.9993,0,0.0361,0,0.0361,0,-0.9993,0,0,1,0,0,-1.8954,0.1738,-2.7514,1]},
{"frame":165,"values":[0.9915,0,0.1301,0,0.1301,0,-0.9915,0,0,1,0,0,-1.5346,0.1738,-3.1646,1]},
{"frame":166,"values":[0.9748,0,0.223,0,0.223,0,-0.9748,0,0,1,0,0,-1.1738,0.1738,-3.5022,1]},
{"frame":167,"values":[0.9659,0,0.2588,0,0.2588,0,-0.9659,0,0,1,0,0,-1.0346,0.1738,-3.6221,1]},
{"frame":168,"values":[0.9657,-0.018,0.259,0,0.2596,0.067,-0.9634,0,0,0.9976,0.0694,0,-1.0346,0.3937,-3.615,1]},
{"frame":169,"values":[0.9657,-0.0648,0.2513,0,0.2596,0.2414,-0.9351,0,-0.0001,0.9683,0.2499,0,-1.0346,0.9568,-3.5601,1]},
{"frame":170,"values":[0.9659,-0.1091,0.235,0,0.2591,0.407,-0.8759,0,-0.0001,0.9069,0.4214,0,-1.0346,1.516,-3.4032,1]},
{"frame":171,"values":[0.9659,-0.1249,0.2267,0,0.2588,0.4662,-0.846,0,0,0.8758,0.4827,0,-1.0346,1.7321,-3.1274,1]},
{"frame":172,"values":[0.9659,-0.1235,0.2275,0,0.2588,0.4608,-0.8489,0,0,0.8789,0.4771,0,-1.0346,1.6886,-2.7369,1]},
{"frame":173,"values":[0.9659,-0.1176,0.2306,0,0.2588,0.4389,-0.8605,0,0,0.8908,0.4544,0,-1.0346,1.5565,-2.229,1]},
{"frame":174,"values":[0.9659,-0.106,0.2361,0,0.2588,0.3958,-0.8811,0,0,0.9122,0.4097,0,-1.0346,1.3709,-1.6324,1]},
{"frame":175,"values":[0.9659,-0.09,0.2427,0,0.2588,0.3357,-0.9057,0,0,0.9377,0.3476,0,-1.0346,1.1915,-0.9967,1]},
{"frame":176,"values":[0.966,-0.0654,0.2502,0,0.2586,0.2514,-0.9327,0,-0.0019,0.9657,0.2597,0,-1.0346,1.0058,-0.1522,1]},
{"frame":177,"values":[0.966,-0.0301,0.2568,0,0.2585,0.1348,-0.9566,0,-0.0059,0.9904,0.138,0,-1.0346,0.7889,0.8603,1]},
{"frame":178,"values":[0.9659,0.0028,0.2589,0,0.2589,0.0145,-0.9658,0,-0.0064,0.9999,0.0133,0,-1.0346,0.5838,1.6602,1]},
{"frame":179,"values":[0.9659,0.021,0.258,0,0.2588,-0.0785,-0.9627,0,0,0.9967,-0.0813,0,-1.0346,0.4282,1.9643,1]},
{"frame":180,"values":[0.9747,0.0264,0.2219,0,0.2233,-0.1521,-0.9628,0,0.0083,0.988,-0.1542,0,-1.1726,0.3114,1.9046,1]},
{"frame":181,"values":[0.9915,0.0193,0.1289,0,0.1301,-0.2136,-0.9682,0,0.0088,0.9767,-0.2143,0,-1.5293,0.2269,1.7565,1]},
{"frame":182,"values":[0.9993,0.006,0.0356,0,0.036,-0.2491,-0.9678,0,0.0031,0.9685,-0.2492,0,-1.8914,0.1843,1.6124,1]},
{"frame":183,"values":[1,0,0,0,0,-0.2588,-0.9659,0,0,0.9659,-0.2588,0,-2.0346,0.1738,1.5567,1]}],"loopBehavior":1,"name":"anim","property":"_matrix"}},
{"name":"ball_ctrl_r","index":8,"matrix":[1,0,0,0,0,0.8123,0.5832,0,0,-0.5832,0.8123,0,0,-1.0784,0.1115,1],"rest":[1,0,0,0,0,0.8123,0.5832,0,0,-0.5832,0.8123,0,0,-1.0784,0.1115,1],"parentBoneIndex":7,"length":1.1311
,"animation":{"dataType":3,"framePerSecond":24,"keys":[
{"frame":0,"values":[1,0,0,0,0,0.8123,0.5832,0,0,-0.5832,0.8123,0,0,-1.0784,0.1115,1]},
{"frame":1,"values":[1,0,0,0,0,0.8123,0.5832,0,0,-0.5832,0.8123,0,0,-1.0784,0.1115,1]},
{"frame":11,"values":[1,0,0,0,0,0.8123,0.5832,0,0,-0.5832,0.8123,0,0,-1.0784,0.1115,1]},
{"frame":53,"values":[1,0,0,0,0,0.8123,0.5832,0,0,-0.5832,0.8123,0,0,-1.0784,0.1115,1]},
{"frame":61,"values":[1,0,0,0,0,0.8123,0.5832,0,0,-0.5832,0.8123,0,0,-1.0784,0.1115,1]},
{"frame":81,"values":[1,0,0,0,0,0.8123,0.5832,0,0,-0.5832,0.8123,0,0,-1.0784,0.1115,1]},
{"frame":91,"values":[1,0,0,0,0,0.8123,0.5832,0,0,-0.5832,0.8123,0,0,-1.0784,0.1115,1]},
{"frame":101,"values":[1,0,0,0,0,0.8123,0.5832,0,0,-0.5832,0.8123,0,0,-1.0784,0.1115,1]},
{"frame":111,"values":[1,0,0,0,0,0.8123,0.5832,0,0,-0.5832,0.8123,0,0,-1.0784,0.1115,1]},
{"frame":131,"values":[1,0,0,0,0,0.8123,0.5832,0,0,-0.5832,0.8123,0,0,-1.0784,0.1115,1]},
{"frame":140,"values":[1,0,0,0,0,0.8123,0.5832,0,0,-0.5832,0.8123,0,0,-1.0784,0.1115,1]},
{"frame":141,"values":[1,0,0,0,0,0.8123,0.5832,0,0,-0.5832,0.8123,0,0,-1.0784,0.1115,1]},
{"frame":151,"values":[1,0,0,0,0,0.8123,0.5832,0,0,-0.5832,0.8123,0,0,-1.0784,0.1115,1]},
{"frame":164,"values":[0.9998,0.0009,-0.0216,0,0.0133,0.7625,0.6468,0,0.0171,-0.6469,0.7623,0,0,-1.0784,0.1115,1]},
{"frame":165,"values":[0.9969,0.0116,-0.0779,0,0.0548,0.6076,0.7923,0,0.0565,-0.7941,0.6051,0,0,-1.0784,0.1115,1]},
{"frame":166,"values":[0.9909,0.034,-0.1303,0,0.1036,0.4257,0.8989,0,0.086,-0.9042,0.4183,0,0,-1.0784,0.1115,1]},
{"frame":167,"values":[0.9879,0.0453,-0.1485,0,0.1234,0.3518,0.9279,0,0.0943,-0.935,0.3419,0,0,-1.0784,0.1115,1]},
{"frame":168,"values":[0.9909,0.034,-0.1303,0,0.1036,0.4257,0.8989,0,0.086,-0.9042,0.4183,0,0,-1.0784,0.1115,1]},
{"frame":169,"values":[0.9969,0.0116,-0.0779,0,0.0548,0.6076,0.7923,0,0.0565,-0.7941,0.6051,0,0,-1.0784,0.1115,1]},
{"frame":170,"values":[0.9998,0.0009,-0.0216,0,0.0133,0.7625,0.6468,0,0.0171,-0.6469,0.7623,0,0,-1.0784,0.1115,1]},
{"frame":171,"values":[1,0,0,0,0,0.8123,0.5832,0,0,-0.5832,0.8123,0,0,-1.0784,0.1115,1]},
{"frame":183,"values":[1,0,0,0,0,0.8123,0.5832,0,0,-0.5832,0.8123,0,0,-1.0784,0.1115,1]}],"loopBehavior":1,"name":"anim","property":"_matrix"}},
{"name":"ankle_r","index":9,"matrix":[0.9999,0.0042,-0.0135,0,-0.0113,-0.3387,-0.9408,0,-0.0085,0.9409,-0.3386,0,0,1.1311,0,1],"rest":[0.9999,0.0042,-0.0135,0,-0.0113,-0.3387,-0.9408,0,-0.0085,0.9409,-0.3386,0,0,1.1311,0,1],"parentBoneIndex":8,"length":0.4039
,"animation":{"dataType":3,"framePerSecond":24,"keys":[
{"frame":0,"values":[0.9999,0.0042,-0.0135,0,-0.0113,-0.3387,-0.9408,0,-0.0085,0.9409,-0.3386,0,0,1.1311,0,1]},
{"frame":1,"values":[0.9999,0.0042,-0.0135,0,-0.0113,-0.3387,-0.9408,0,-0.0085,0.9409,-0.3386,0,0,1.1311,0,1]},
{"frame":11,"values":[0.9999,0.0042,-0.0135,0,-0.0113,-0.3387,-0.9408,0,-0.0085,0.9409,-0.3386,0,0,1.1311,0,1]},
{"frame":53,"values":[0.9999,0.0042,-0.0135,0,-0.0113,-0.3387,-0.9408,0,-0.0085,0.9409,-0.3386,0,0,1.1311,0,1]},
{"frame":61,"values":[0.9999,0.0042,-0.0135,0,-0.0113,-0.3387,-0.9408,0,-0.0085,0.9409,-0.3386,0,0,1.1311,0,1]},
{"frame":81,"values":[0.9999,0.0042,-0.0135,0,-0.0113,-0.3387,-0.9408,0,-0.0085,0.9409,-0.3386,0,0,1.1311,0,1]},
{"frame":91,"values":[0.9999,0.0042,-0.0135,0,-0.0113,-0.3387,-0.9408,0,-0.0085,0.9409,-0.3386,0,0,1.1311,0,1]},
{"frame":101,"values":[0.9999,0.0042,-0.0135,0,-0.0113,-0.3387,-0.9408,0,-0.0085,0.9409,-0.3386,0,0,1.1311,0,1]},
{"frame":111,"values":[0.9999,0.0042,-0.0135,0,-0.0113,-0.3387,-0.9408,0,-0.0085,0.9409,-0.3386,0,0,1.1311,0,1]},
{"frame":131,"values":[0.9999,0.0042,-0.0135,0,-0.0113,-0.3387,-0.9408,0,-0.0085,0.9409,-0.3386,0,0,1.1311,0,1]},
{"frame":140,"values":[0.9999,0.0042,-0.0135,0,-0.0113,-0.3387,-0.9408,0,-0.0085,0.9409,-0.3386,0,0,1.1311,0,1]},
{"frame":141,"values":[0.9999,0.0042,-0.0135,0,-0.0113,-0.3387,-0.9408,0,-0.0085,0.9409,-0.3386,0,0,1.1311,0,1]},
{"frame":151,"values":[0.9999,0.0042,-0.0135,0,-0.0113,-0.3387,-0.9408,0,-0.0085,0.9409,-0.3386,0,0,1.1311,0,1]},
{"frame":183,"values":[0.9999,0.0042,-0.0135,0,-0.0113,-0.3387,-0.9408,0,-0.0085,0.9409,-0.3386,0,0,1.1311,0,1]}],"loopBehavior":1,"name":"anim","property":"_matrix"}},
{"name":"toe_ctrl_r","index":10,"matrix":[1,0,0,0,0,-0.9939,-0.1104,0,0,0.1104,-0.9939,0,0,-1.0784,0.1115,1],"rest":[1,0,0,0,0,-0.9939,-0.1104,0,0,0.1104,-0.9939,0,0,-1.0784,0.1115,1],"parentBoneIndex":7,"length":1.9016
,"animation":{"dataType":3,"framePerSecond":24,"keys":[
{"frame":0,"values":[1,0,0,0,0,-0.9939,-0.1104,0,0,0.1104,-0.9939,0,0,-1.0784,0.1115,1]},
{"frame":1,"values":[1,0,0,0,0,-0.9939,-0.1104,0,0,0.1104,-0.9939,0,0,-1.0784,0.1115,1]},
{"frame":11,"values":[1,0,0,0,0,-0.9939,-0.1104,0,0,0.1104,-0.9939,0,0,-1.0784,0.1115,1]},
{"frame":53,"values":[1,0,0,0,0,-0.9939,-0.1104,0,0,0.1104,-0.9939,0,0,-1.0784,0.1115,1]},
{"frame":61,"values":[1,0,0,0,0,-0.9939,-0.1104,0,0,0.1104,-0.9939,0,0,-1.0784,0.1115,1]},
{"frame":81,"values":[1,0,0,0,0,-0.9939,-0.1104,0,0,0.1104,-0.9939,0,0,-1.0784,0.1115,1]},
{"frame":91,"values":[1,0,0,0,0,-0.9939,-0.1104,0,0,0.1104,-0.9939,0,0,-1.0784,0.1115,1]},
{"frame":101,"values":[1,0,0,0,0,-0.9939,-0.1104,0,0,0.1104,-0.9939,0,0,-1.0784,0.1115,1]},
{"frame":111,"values":[1,0,0,0,0,-0.9939,-0.1104,0,0,0.1104,-0.9939,0,0,-1.0784,0.1115,1]},
{"frame":131,"values":[1,0,0,0,0,-0.9939,-0.1104,0,0,0.1104,-0.9939,0,0,-1.0784,0.1115,1]},
{"frame":140,"values":[1,0,0,0,0,-0.9939,-0.1104,0,0,0.1104,-0.9939,0,0,-1.0784,0.1115,1]},
{"frame":141,"values":[1,0,0,0,0,-0.9939,-0.1104,0,0,0.1104,-0.9939,0,0,-1.0784,0.1115,1]},
{"frame":151,"values":[1,0,0,0,0,-0.9939,-0.1104,0,0,0.1104,-0.9939,0,0,-1.0784,0.1115,1]},
{"frame":183,"values":[1,0,0,0,0,-0.9939,-0.1104,0,0,0.1104,-0.9939,0,0,-1.0784,0.1115,1]}],"loopBehavior":1,"name":"anim","property":"_matrix"}},
{"name":"body_ctrl","index":11,"matrix":[1,0,0,0,0,0.4877,-0.873,0,0,0.873,0.4877,0,0,6.7692,-0.28,1],"rest":[1,0,0,0,0,0,-1,0,0,1,0,0,0,10.37,0.42,1],"parentBoneIndex":0,"length":3.15
,"animation":{"dataType":3,"framePerSecond":24,"keys":[
{"frame":0,"values":[1,0,0,0,0,0.4877,-0.873,0,0,0.873,0.4877,0,0,6.7692,-0.28,1]},
{"frame":1,"values":[1,0,0,0,0,0.4877,-0.873,0,0,0.873,0.4877,0,0,6.7692,-0.28,1]},
{"frame":11,"values":[1,0,0,0,0,0,-1,0,0,1,0,0,0,10.0897,0.42,1]},
{"frame":22,"values":[1,0,0,0,0,0,-1,0,0,1,0,0,0,10.1018,0.42,1]},
{"frame":23,"values":[1,0,0,0,0,0,-1,0,0,1,0,0,0,10.136,0.42,1]},
{"frame":24,"values":[1,0,0,0,0,0,-1,0,0,1,0,0,0,10.1798,0.42,1]},
{"frame":25,"values":[1,0,0,0,0,0,-1,0,0,1,0,0,0,10.2139,0.42,1]},
{"frame":26,"values":[1,0,0,0,0,0,-1,0,0,1,0,0,0,10.226,0.42,1]},
{"frame":33,"values":[1,0,0,0,0,0,-1,0,0,1,0,0,0,10.2259,0.42,1]},
{"frame":34,"values":[1,0,0,0,0,0,-1,0,0,1,0,0,0,10.2257,0.42,1]},
{"frame":35,"values":[1,0,0,0,0,0,-1,0,0,1,0,0,0,10.2254,0.42,1]},
{"frame":36,"values":[1,0,0,0,0,0,-1,0,0,1,0,0,0,10.2247,0.42,1]},
{"frame":37,"values":[1,0,0,0,0,0,-1,0,0,1,0,0,0,10.2236,0.42,1]},
{"frame":38,"values":[1,0,0,0,0,0,-1,0,0,1,0,0,0,10.2221,0.42,1]},
{"frame":39,"values":[1,0,0,0,0,0,-1,0,0,1,0,0,0,10.22,0.42,1]},
{"frame":40,"values":[1,0,0,0,0,0,-1,0,0,1,0,0,0,10.2175,0.42,1]},
{"frame":41,"values":[1,0,0,0,0,0,-1,0,0,1,0,0,0,10.2145,0.42,1]},
{"frame":42,"values":[1,0,0,0,0,0,-1,0,0,1,0,0,0,10.211,0.42,1]},
{"frame":43,"values":[1,0,0,0,0,0,-1,0,0,1,0,0,0,10.2071,0.42,1]},
{"frame":44,"values":[1,0,0,0,0,0,-1,0,0,1,0,0,0,10.1938,0.42,1]},
{"frame":45,"values":[1,0,0,0,0,0,-1,0,0,1,0,0,0,10.1639,0.42,1]},
{"frame":46,"values":[1,0,0,0,0,0,-1,0,0,1,0,0,0,10.1274,0.42,1]},
{"frame":47,"values":[1,0,0,0,0,0,-1,0,0,1,0,0,0,10.0995,0.42,1]},
{"frame":48,"values":[1,0,0,0,0,0,-1,0,0,1,0,0,0,10.0897,0.42,1]},
{"frame":53,"values":[1,0,0,0,0,0,-1,0,0,1,0,0,0,10.0897,0.42,1]},
{"frame":61,"values":[1,0,0,0,0,0,-1,0,0,1,0,0,0,10.0897,0.42,1]},
{"frame":62,"values":[0.999,-0.0436,0.0019,0,0.0057,0.087,-0.9962,0,0.0433,0.9953,0.0872,0,0.176,9.7401,0.42,1]},
{"frame":63,"values":[0.9962,-0.0872,0,0,0.0151,0.173,-0.9848,0,0.0858,0.9811,0.1736,0,0.5,9.4065,0.42,1]},
{"frame":64,"values":[0.9962,-0.0872,0,0,0.0151,0.173,-0.9848,0,0.0858,0.9811,0.1736,0,0.7602,9.5292,0.42,1]},
{"frame":65,"values":[0.9962,-0.0872,0,0,0.0151,0.173,-0.9848,0,0.0858,0.9811,0.1736,0,1.0277,9.7908,0.42,1]},
{"frame":66,"values":[0.9962,-0.0872,0,0,0.0151,0.173,-0.9848,0,0.0858,0.9811,0.1736,0,1.3115,9.9133,0.42,1]},
{"frame":67,"values":[0.9962,-0.0872,0,0,0.0151,0.173,-0.9848,0,0.0858,0.9811,0.1736,0,1.6044,9.9106,0.42,1]},
{"frame":68,"values":[0.9962,-0.0872,0,0,0.0151,0.173,-0.9848,0,0.0858,0.9811,0.1736,0,1.9126,9.888,0.42,1]},
{"frame":69,"values":[0.9962,-0.0872,0,0,0.0151,0.173,-0.9848,0,0.0858,0.9811,0.1736,0,2.2528,9.8285,0.42,1]},
{"frame":70,"values":[0.9941,-0.1085,-0.0014,0,0.0175,0.1724,-0.9849,0,0.1071,0.979,0.1733,0,2.5941,9.3871,0.42,1]},
{"frame":71,"values":[0.9846,-0.1746,-0.0029,0,0.0274,0.1707,-0.9849,0,0.1725,0.9697,0.1728,0,2.9618,8.4511,0.42,1]},
{"frame":72,"values":[0.9659,-0.2588,0,0,0.0449,0.1677,-0.9848,0,0.2549,0.9513,0.1736,0,3.4538,7.5888,0.42,1]},
{"frame":73,"values":[0.9399,-0.3415,-0.0004,0,0.0835,0.2308,-0.9694,0,0.3311,0.9111,0.2454,0,4.11,7.1232,0.42,1]},
{"frame":74,"values":[0.8976,-0.4405,-0.0145,0,0.1613,0.3589,-0.9193,0,0.4101,0.8229,0.3932,0,4.8818,6.7479,0.42,1]},
{"frame":75,"values":[0.8213,-0.5699,-0.0268,0,0.2467,0.3971,-0.884,0,0.5144,0.7194,0.4667,0,5.7319,6.1305,0.42,1]},
{"frame":76,"values":[0.6479,-0.7612,-0.0291,0,0.3442,0.3266,-0.8802,0,0.6795,0.5603,0.4736,0,6.9405,4.6482,0.42,1]},
{"frame":77,"values":[0.3809,-0.9242,-0.0284,0,0.425,0.2023,-0.8823,0,0.8212,0.324,0.4698,0,8.1749,2.9658,0.42,1]},
{"frame":78,"values":[0.2628,-0.9645,-0.0268,0,0.4443,0.1456,-0.884,0,0.8565,0.2204,0.4667,0,8.7319,2.1305,0.42,1]},
{"frame":81,"values":[0.2628,-0.9645,-0.0268,0,0.4443,0.1456,-0.884,0,0.8565,0.2204,0.4667,0,8.7319,2.1305,0.42,1]},
{"frame":91,"values":[1,0,0,0,0,0,-1,0,0,1,0,0,0,10.0897,0.42,1]},
{"frame":92,"values":[0.999,-0.0436,0.0019,0,0.0057,0.087,-0.9962,0,0.0433,0.9953,0.0872,0,0.2526,9.7411,0.42,1]},
{"frame":93,"values":[0.9962,-0.0872,0,0,0.0151,0.173,-0.9848,0,0.0858,0.9811,0.1736,0,0.5,9.4065,0.42,1]},
{"frame":94,"values":[0.9962,-0.0872,0,0,0.0151,0.173,-0.9848,0,0.0858,0.9811,0.1736,0,0.5,9.4256,0.42,1]},
{"frame":95,"values":[0.9962,-0.0872,0,0,0.0151,0.173,-0.9848,0,0.0858,0.9811,0.1736,0,0.5,9.4854,0.42,1]},
{"frame":96,"values":[0.9962,-0.0872,0,0,0.0151,0.173,-0.9848,0,0.0858,0.9811,0.1736,0,0.5,9.5644,0.42,1]},
{"frame":97,"values":[0.9968,-0.0794,0.0006,0,0.0132,0.1578,-0.9874,0,0.0783,0.9843,0.1584,0,0.4555,9.6676,0.42,1]},
{"frame":98,"values":[0.9983,-0.0577,0.0017,0,0.0083,0.1148,-0.9934,0,0.0571,0.9917,0.1151,0,0.3306,9.8093,0.42,1]},
{"frame":99,"values":[0.9996,-0.0296,0.0017,0,0.0035,0.0591,-0.9982,0,0.0294,0.9978,0.0592,0,0.1702,9.954,0.42,1]},
{"frame":100,"values":[1,-0.0077,0.0006,0,0.0007,0.0155,-0.9999,0,0.0077,0.9999,0.0155,0,0.0447,10.0555,0.42,1]},
{"frame":101,"values":[1,0,0,0,0,0,-1,0,0,1,0,0,0,10.0897,0.42,1]},
{"frame":111,"values":[1,0,0,0,0,0,-1,0,0,1,0,0,0,10.0897,0.42,1]},
{"frame":112,"values":[1,0,0,0,0,0,-1,0,0,1,0,0,0,10.0921,0.42,1]},
{"frame":113,"values":[1,0,0,0,0,0,-1,0,0,1,0,0,0,10.0992,0.42,1]},
{"frame":114,"values":[1,0,0,0,0,0,-1,0,0,1,0,0,0,10.1107,0.42,1]},
{"frame":115,"values":[1,0,0,0,0,0,-1,0,0,1,0,0,0,10.1258,0.42,1]},
{"frame":116,"values":[1,0,0,0,0,0,-1,0,0,1,0,0,0,10.1429,0.42,1]},
{"frame":117,"values":[1,0,0,0,0,0,-1,0,0,1,0,0,0,10.1599,0.42,1]},
{"frame":118,"values":[1,0,0,0,0,0,-1,0,0,1,0,0,0,10.175,0.42,1]},
{"frame":119,"values":[1,0,0,0,0,0,-1,0,0,1,0,0,0,10.1865,0.42,1]},
{"frame":120,"values":[1,0,0,0,0,0,-1,0,0,1,0,0,0,10.1936,0.42,1]},
{"frame":121,"values":[1,0,0,0,0,0,-1,0,0,1,0,0,0,10.196,0.42,1]},
{"frame":122,"values":[1,0,0,0,0,0,-1,0,0,1,0,0,0,10.1936,0.42,1]},
{"frame":123,"values":[1,0,0,0,0,0,-1,0,0,1,0,0,0,10.1865,0.42,1]},
{"frame":124,"values":[1,0,0,0,0,0,-1,0,0,1,0,0,0,10.175,0.42,1]},
{"frame":125,"values":[1,0,0,0,0,0,-1,0,0,1,0,0,0,10.1599,0.42,1]},
{"frame":126,"values":[1,0,0,0,0,0,-1,0,0,1,0,0,0,10.1429,0.42,1]},
{"frame":127,"values":[1,0,0,0,0,0,-1,0,0,1,0,0,0,10.1258,0.42,1]},
{"frame":128,"values":[1,0,0,0,0,0,-1,0,0,1,0,0,0,10.1107,0.42,1]},
{"frame":129,"values":[1,0,0,0,0,0,-1,0,0,1,0,0,0,10.0992,0.42,1]},
{"frame":130,"values":[1,0,0,0,0,0,-1,0,0,1,0,0,0,10.0921,0.42,1]},
{"frame":131,"values":[1,0,0,0,0,0,-1,0,0,1,0,0,0,10.0897,0.42,1]},
{"frame":140,"values":[1,0,0,0,0,0,-1,0,0,1,0,0,0,10.0897,0.42,1]},
{"frame":141,"values":[1,0,0,0,0,0,-1,0,0,1,0,0,0,10.0897,0.42,1]},
{"frame":151,"values":[1,0,0,0,0,0.4877,-0.873,0,0,0.873,0.4877,0,0,6.7692,-0.28,1]},
{"frame":152,"values":[1,0,0,0,0,0.4877,-0.873,0,0,0.873,0.4877,0,0,6.6936,-0.2225,1]},
{"frame":153,"values":[1,0,0,0,0,0.4877,-0.873,0,0,0.873,0.4877,0,0,6.4978,-0.0729,1]},
{"frame":154,"values":[1,0,0,0,0,0.4877,-0.873,0,0,0.873,0.4877,0,0,6.3031,0.0763,1]},
{"frame":155,"values":[1,0,0,0,0,0.4877,-0.873,0,0,0.873,0.4877,0,0,6.2285,0.1334,1]},
{"frame":156,"values":[1,0,0,0,0,0.4877,-0.873,0,0,0.873,0.4877,0,0,6.3107,0.1334,1]},
{"frame":157,"values":[1,0,0,0,0,0.4877,-0.873,0,0,0.873,0.4877,0,0,6.5495,0.1334,1]},
{"frame":158,"values":[1,0,0,0,0,0.4877,-0.873,0,0,0.873,0.4877,0,0,6.8592,0.1334,1]},
